29491,
17216,
-4639,
-10506,
3196,
14908,
7723,
-7869,
-8583,
9367,
23705,
14605,
-9102,
-20738,
-9632,
6248,
5032,
-10139,
-16305,
-2683,
13623,
9613,
-12783,
-28061,
-19377,
443,
6423,
-5951,
-16069,
-7125,
10394,
12292,
-6554,
-23989,
-18420,
3578,
16069,
7249,
-6423,
-3577,
12823,
19498,
4756,
-14458,
-13623,
7528,
24332,
18702,
1522,
-3114,
9632,
19440,
9102,
-11058,
-15679,
2330,
21690,
19566,
303,
-11362,
-3196,
9208,
4639,
-14082,
-22938,
-8654,
12665,
15351,
-3196,
-19753,
-15750,
-694,
2030,
-12501,
-23705,
-13307,
9102,
17191,
1606,
-17945,
-18139,
-1558,
8279,
-864,
-13623,
-8315,
12783,
24927,
12823,
-9006,
-14449,
1106,
16069,
11970,
-2367,
-3729,
13107,
27123,
18420,
-4876,
-16069,
-3702,
14449,
15274,
284,
-7802,
3270,
18005,
13623,
-8826,
-24332,
-15568,
5032,
11677,
-1606,
-14595,
-9102,
6213,
7652,
-10893,
-28244,
-22700,
-303,
12660,
3196,
-12755,
-12665,
2385,
9830,
-3043,
-20691,
-18898,
3196,
21052,
15750,
-2440,
-8583,
3938,
15679,
8462,
-9102,
-12346,
6421,
26508,
24692,
4692,
-8279,
-434,
13623,
11862,
-4756,
-13230,
284,
20702,
22476,
2441,
-16069,
-13268,
2367,
6864,
-6554,
-18560,
-10394,
9721,
16069,
-1143,
-22476,
-23837,
-6837,
4667,
-3270,
-16707,
-13623,
5279,
16305,
3871,
-18139,
-23374,
-6421,
11048,
9102,
-4915,
-7652,
7759,
21690,
14137,
-7723,
-17505,
-3196,
17600,
20691,
6177,
-3277,
6177,
20691,
17600,
-3196,
-17505,
-7723,
14137,
21690,
7759,
-7652,
-4915,
9102,
11048,
-6421,
-23374,
-18139,
3871,
16305,
5279,
-13623,
-16707,
-3270,
4667,
-6837,
-23837,
-22476,
-1143,
16069,
9721,
-10394,
-18560,
-6554,
6864,
2367,
-13268,
-16069,
2441,
22476,
20702,
284,
-13230,
-4756,
11862,
13623,
-434,
-8279,
4692,
24692,
26508,
6421,
-12346,
-9102,
8462,
15679,
3938,
-8583,
-2440,
15750,
21052,
3196,
-18898,
-20691,
-3043,
9830,
2385,
-12665,
-12755,
3196,
12660,
-303,
-22700,
-28244,
-10893,
7652,
6213,
-9102,
-14595,
-1606,
11677,
5032,
-15568,
-24332,
-8826,
13623,
18005,
3270,
-7802,
284,
15274,
14449,
-3702,
-16069,
-4876,
18420,
27123,
13107,
-3729,
-2367,
11970,
16069,
1106,
-14449,
-9006,
12823,
24927,
12783,
-8315,
-13623,
-864,
8279,
-1558,
-18139,
-17945,
1606,
17191,
9102,
-13307,
-23705,
-12501,
2030,
-694,
-15750,
-19753,
-3196,
15351,
12665,
-8654,
-22938,
-14082,
4639,
9208,
-3196,
-11362,
303,
19566,
21690,
2330,
-15679,
-11058,
9102,
19440,
9632,
-3114,
1522,
18702,
24332,
7528,
-13623,
-14458,
4756,
19498,
12823,
-3577,
-6423,
7249,
16069,
3578,
-18420,
-23989,
-6554,
12292,
10394,
-7125,
-16069,
-5951,
6423,
443,
-19377,
-28061,
-12783,
9613,
13623,
-2683,
-16305,
-10139,
5032,
6248,
-9632,
-20738,
-9102,
14605,
23705,
9367,
-8583,
-7869,
7723,
14908,
3196,
-10506,
-4639,
17216,
29491,
17216,
-4639,
-10506,
3196,
14908,
7723,
-7869,
-8583,
9367,
23705,
14605,
-9102,
-20738,
-9632,
6248,
5032,
-10139,
-16305,
-2683,
13623,
9613,
-12783,
-28061,
-19377,
443,
6423,
-5951,
-16069,
-7125,
10394,
12292,
-6554,
-23989,
-18420,
3578,
16069,
7249,
-6423,
-3577,
12823,
19498,
4756,
-14458,
-13623,
7528,
24332,
18702,
1522,
-3114,
9632,
19440,
9102,
-11058,
-15679,
2330,
21690,
19566,
303,
-11362,
-3196,
9208,
4639,
-14082,
-22938,
-8654,
12665,
15351,
-3196,
-19753,
-15750,
-694,
2030,
-12501,
-23705,
-13307,
9102,
17191,
1606,
-17945,
-18139,
-1558,
8279,
-864,
-13623,
-8315,
12783,
24927,
12823,
-9006,
-14449,
1106,
16069,
11970,
-2367,
-3729,
13107,
27123,
18420,
-4876,
-16069,
-3702,
14449,
15274,
284,
-7802,
3270,
18005,
13623,
-8826,
-24332,
-15568,
5032,
11677,
-1606,
-14595,
-9102,
6213,
7652,
-10893,
-28244,
-22700,
-303,
12660,
3196,
-12755,
-12665,
2385,
9830,
-3043,
-20691,
-18898,
3196,
21052,
15750,
-2440,
-8583,
3938,
15679,
8462,
-9102,
-12346,
6421,
26508,
24692,
4692,
-8279,
-434,
13623,
11862,
-4756,
-13230,
284,
20702,
22476,
2441,
-16069,
-13268,
2367,
6864,
-6554,
-18560,
-10394,
9721,
16069,
-1143,
-22476,
-23837,
-6837,
4667,
-3270,
-16707,
-13623,
5279,
16305,
3871,
-18139,
-23374,
-6421,
11048,
9102,
-4915,
-7652,
7759,
21690,
14137,
-7723,
-17505,
-3196,
17600,
20691,
6177,
-3277,
6177,
20691,
17600,
-3196,
-17505,
-7723,
14137,
21690,
7759,
-7652,
-4915,
9102,
11048,
-6421,
-23374,
-18139,
3871,
16305,
5279,
-13623,
-16707,
-3270,
4667,
-6837,
-23837,
-22476,
-1143,
16069,
9721,
-10394,
-18560,
-6554,
6864,
2367,
-13268,
-16069,
2441,
22476,
20702,
284,
-13230,
-4756,
11862,
13623,
-434,
-8279,
4692,
24692,
26508,
6421,
-12346,
-9102,
8462,
15679,
3938,
-8583,
-2440,
15750,
21052,
3196,
-18898,
-20691,
-3043,
9830,
2385,
-12665,
-12755,
3196,
12660,
-303,
-22700,
-28244,
-10893,
7652,
6213,
-9102,
-14595,
-1606,
11677,
5032,
-15568,
-24332,
-8826,
13623,
18005,
3270,
-7802,
284,
15274,
14449,
-3702,
-16069,
-4876,
18420,
27123,
13107,
-3729,
-2367,
11970,
16069,
1106,
-14449,
-9006,
12823,
24927,
12783,
-8315,
-13623,
-864,
8279,
-1558,
-18139,
-17945,
1606,
17191,
9102,
-13307,
-23705,
-12501,
2030,
-694,
-15750,
-19753,
-3196,
15351,
12665,
-8654,
-22938,
-14082,
4639,
9208,
-3196,
-11362,
303,
19566,
21690,
2330,
-15679,
-11058,
9102,
19440,
9632,
-3114,
1522,
18702,
24332,
7528,
-13623,
-14458,
4756,
19498,
12823,
-3577,
-6423,
7249,
16069,
3578,
-18420,
-23989,
-6554,
12292,
10394,
-7125,
-16069,
-5951,
6423,
443,
-19377,
-28061,
-12783,
9613,
13623,
-2683,
-16305,
-10139,
5032,
6248,
-9632,
-20738,
-9102,
14605,
23705,
9367,
-8583,
-7869,
7723,
14908,
3196,
-10506,
-4639,
17216,
29491,
17216,
-4639,
-10506,
3196,
14908,
7723,
-7869,
-8583,
9367,
23705,
14605,
-9102,
-20738,
-9632,
6248,
5032,
-10139,
-16305,
-2683,
13623,
9613,
-12783,
-28061,
-19377,
443,
6423,
-5951,
-16069,
-7125,
10394,
12292,
-6554,
-23989,
-18420,
3578,
16069,
7249,
-6423,
-3577,
12823,
19498,
4756,
-14458,
-13623,
7528,
24332,
18702,
1522,
-3114,
9632,
19440,
9102,
-11058,
-15679,
2330,
21690,
19566,
303,
-11362,
-3196,
9208,
4639,
-14082,
-22938,
-8654,
12665,
15351,
-3196,
-19753,
-15750,
-694,
2030,
-12501,
-23705,
-13307,
9102,
17191,
1606,
-17945,
-18139,
-1558,
8279,
-864,
-13623,
-8315,
12783,
24927,
12823,
-9006,
-14449,
1106,
16069,
11970,
-2367,
-3729,
13107,
27123,
18420,
-4876,
-16069,
-3702,
14449,
15274,
284,
-7802,
3270,
18005,
13623,
-8826,
-24332,
-15568,
5032,
11677,
-1606,
-14595,
-9102,
6213,
7652,
-10893,
-28244,
-22700,
-303,
12660,
3196,
-12755,
-12665,
2385,
9830,
-3043,
-20691,
-18898,
3196,
21052,
15750,
-2440,
-8583,
3938,
15679,
8462,
-9102,
-12346,
6421,
26508,
24692,
4692,
-8279,
-434,
13623,
11862,
-4756,
-13230,
284,
20702,
22476,
2441,
-16069,
-13268,
2367,
6864,
-6554,
-18560,
-10394,
9721,
16069,
-1143,
-22476,
-23837,
-6837,
4667,
-3270,
-16707,
-13623,
5279,
16305,
3871,
-18139,
-23374,
-6421,
11048,
9102,
-4915,
-7652,
7759,
21690,
14137,
-7723,
-17505,
-3196,
17600,
20691,
6177,
-3277,
6177,
20691,
17600,
-3196,
-17505,
-7723,
14137,
21690,
7759,
-7652,
-4915,
9102,
11048,
-6421,
-23374,
-18139,
3871,
16305,
5279,
-13623,
-16707,
-3270,
4667,
-6837,
-23837,
-22476,
-1143,
16069,
9721,
-10394,
-18560,
-6554,
6864,
2367,
-13268,
-16069,
2441,
22476,
20702,
284,
-13230,
-4756,
11862,
13623,
-434,
-8279,
4692,
24692,
26508,
6421,
-12346,
-9102,
8462,
15679,
3938,
-8583,
-2440,
15750,
21052,
3196,
-18898,
-20691,
-3043,
