29490,
14263,
-9095,
-14165,
863,
12434,
3946,
-12131,
-11734,
7316,
20875,
9620,
-15170,
-25434,
-11891,
5135,
3391,
-12147,
-17135,
-1808,
14711,
9264,
-14064,
-27964,
-16479,
5061,
10646,
-2697,
-12478,
-2213,
15630,
16071,
-4315,
-21291,
-13555,
9889,
21513,
10638,
-4057,
-793,
15707,
20833,
3988,
-15696,
-13372,
9074,
24960,
16800,
-2156,
-6713,
6573,
15608,
3577,
-17111,
-20201,
-309,
18994,
14882,
-6005,
-17243,
-7511,
5528,
308,
-18556,
-25669,
-8885,
13319,
14690,
-5344,
-21423,
-15319,
1279,
3924,
-10956,
-21030,
-8470,
14897,
21625,
3969,
-15943,
-14517,
3580,
13158,
2788,
-10195,
-3821,
17729,
28177,
13286,
-9912,
-14439,
2509,
17205,
11362,
-4180,
-5221,
12049,
24781,
13490,
-11327,
-21594,
-7245,
11504,
11070,
-5165,
-12900,
-690,
13992,
8090,
-15325,
-29476,
-17903,
4422,
10602,
-3775,
-16448,
-9362,
6877,
7638,
-11680,
-27891,
-19556,
4866,
17460,
6354,
-10172,
-9022,
6997,
13831,
-357,
-17936,
-14316,
9287,
26326,
18480,
-1535,
-7548,
5708,
16875,
7953,
-10467,
-12745,
7242,
26581,
22064,
-252,
-13363,
-4346,
10013,
7128,
-10352,
-17956,
-2786,
17815,
17719,
-4223,
-22489,
-17608,
-327,
4131,
-9772,
-20882,
-10684,
10493,
15811,
-2991,
-24074,
-23071,
-3747,
8203,
-475,
-13808,
-9285,
10636,
20709,
6285,
-16325,
-19915,
-919,
16743,
13224,
-2057,
-4563,
11334,
24171,
14210,
-9123,
-18081,
-2030,
18946,
20123,
3528,
-6398,
3565,
17606,
12628,
-9603,
-23155,
-11238,
11621,
17914,
2062,
-13729,
-9800,
5051,
6368,
-11874,
-27792,
-19902,
4043,
16063,
3410,
-15896,
-17464,
-2314,
5861,
-6217,
-22600,
-18969,
4326,
21216,
12844,
-8513,
-15816,
-2196,
11513,
5940,
-10242,
-11988,
7776,
27117,
22694,
2,
-13574,
-3803,
13168,
13593,
-1875,
-9620,
4230,
23747,
23117,
587,
-18428,
-13532,
5241,
11821,
-1228,
-13783,
-6415,
12297,
16264,
-3354,
-25288,
-24720,
-4705,
8593,
253,
-14880,
-13542,
3739,
12837,
-1412,
-23701,
-26906,
-6836,
12487,
9908,
-6320,
-11130,
3040,
16111,
7940,
-13410,
-20809,
-3163,
19711,
22237,
5342,
-6255,
2452,
17207,
14665,
-4992,
-16938,
-4116,
19568,
26298,
9587,
-8341,
-6303,
8526,
11647,
-4627,
-19897,
-12629,
10345,
21327,
6934,
-15028,
-19023,
-4514,
4972,
-5458,
-21604,
-19347,
2094,
17470,
7630,
-15592,
-24500,
-10878,
4768,
1621,
-13555,
-16166,
2079,
20527,
15890,
-6968,
-20545,
-9607,
10153,
13808,
98,
-8037,
4471,
23346,
23182,
1492,
-16736,
-10515,
10664,
19928,
8093,
-5545,
-458,
16678,
20551,
1561,
-19929,
-18957,
2016,
16466,
8048,
-9296,
-11373,
3298,
11675,
-2106,
-24046,
-27358,
-7274,
12279,
9151,
-9318,
-17387,
-5567,
7369,
669,
-19222,
-25990,
-8073,
15232,
17838,
-172,
-13744,
-6171,
9682,
10009,
-6817,
-17210,
-3805,
20372,
27532,
10485,
-8540,
-7026,
9234,
15477,
2174,
-11826,
-4864,
17420,
27905,
12747,
-10547,
-15554,
-465,
11162,
2730,
-13294,
-12847,
6251,
19857,
8646,
-16101,
-26325,
-12743,
4320,
2612,
-12892,
-17847,
-2489,
14060,
8641,
-14659,
-28533,
-17023,
4541,
10149,
-3172,
-12932,
-2647,
15215,
15675,
-4693,
-21653,
-13901,
9559,
21198,
10337,
-4345,
-1068,
15444,
20581,
3748,
-15925,
-13591,
8865,
24760,
16609,
-2338,
-6887,
6406,
15449,
3425,
-17256,
-20339,
-441,
18868,
14762,
-6120,
-17353,
-7616,
5428,
213,
-18647,
-25756,
-8968,
13239,
14614,
-5417,
-21492,
-15385,
1216,
3864,
-11013,
-21085,
-8522,
14847,
21577,
3924,
-15986,
-14558,
3541,
13120,
2752,
-10230,
-3854,
17698,
28148,
13257,
-9940,
-14465,
2485,
17181,
11339,
-4201,
-5241,
12029,
24763,
13473,
-11344,
-21610,
-7260,
11490,
11056,
-5179,
-12913,
-703,
13980,
8078,
-15336,
-29487,
-17913,
4412,
10593,
-3783,
-16456,
-9369,
6869,
7631,
-11687,
-27897,
-19562,
4860,
17455,
6349,
-10177,
-9026,
6993,
13826,
-361,
-17940,
-14320,
9283,
26323,
18477,
-1538,
-7551,
5705,
16872,
7950,
-10470,
-12747,
7240,
26579,
22062,
-254,
-13365,
-4348,
10011,
7126,
-10353,
-17958,
-2788,
17814,
17718,
-4224,
-22491,
-17609,
-328,
4130,
-9773,
-20883,
-10685,
10492,
15810,
-2992,
-24075,
-23071,
-3748,
8202,
-476,
-13808,
-9286,
10635,
20708,
6285,
-16325,
-19915,
-919,
16742,
13223,
-2058,
-4563,
11333,
24171,
14210,
-9123,
-18081,
-2031,
18946,
20122,
3528,
-6398,
3565,
17606,
12628,
-9603,
-23155,
-11238,
11621,
17914,
2062,
-13729,
-9800,
5051,
6368,
-11875,
-27792,
-19902,
4042,
16063,
3410,
-15896,
-17464,
-2314,
5861,
-6217,
-22600,
-18969,
4326,
21216,
12843,
-8513,
-15816,
-2196,
11513,
5940,
-10242,
-11988,
7776,
27117,
22694,
1,
-13574,
-3803,
13168,
13593,
-1875,
-9620,
4230,
23747,
23117,
587,
-18428,
-13532,
5241,
11821,
-1228,
-13783,
-6415,
12297,
16264,
-3354,
-25288,
-24720,
-4705,
8593,
253,
-14880,
-13542,
3739,
12837,
-1412,
-23701,
-26906,
-6836,
12487,
9908,
-6320,
-11130,
3040,
16111,
7940,
-13410,
-20809,
-3163,
19711,
22237,
5342,
-6255,
2452,
17207,
14665,
-4992,
-16938,
-4116,
19568,
26298,
9587,
-8341,
-6303,
8526,
11647,
-4627,
-19897,
-12629,
10345,
21327,
6934,
-15028,
-19023,
-4514,
4972,
-5458,
-21604,
-19347,
2094,
17470,
7630,
-15592,
-24500,
-10878,
4768,
1621,
-13555,
-16166,
2079,
20527,
15890,
-6968,
-20545,
-9607,
10153,
13808,
98,
-8037,
4471,
23346,
23182,
1492,
-16736,
-10515,
10664,
19928,
8093,
-5545,
-458,
16678,
20551,
1561,
-19929,
-18957,
2016,
16466,
8048,
-9296,
-11373,
3298,
11675,
-2106,
-24046,
-27358,
-7274,
12279,
9151,
-9318,
-17387,
-5567,
7369,
669,
-19222,
-25990,
-8073,
15232,
17838,
-172,
-13744,
-6171,
9682,
10009,
-6817,
-17210,
-3805,
20372,
27532,
10485,
-8540,
-7026,
9234,
15477,
2174,
-11826,
-4864,
17420,
27905,
12747,
-10547,
-15554,
-465,
11162,
2730,
-13294,
-12847,
6251,
19857,
8646,
-16101,
-26325,
-12743,
4320,
2612,
-12892,
-17847,
-2489,
14060,
8641,
-14659,
-28533,
-17023,
4541,
10149,
-3172,
-12932,
-2647,
15215,
15675,
-4693,
-21653,
-13901,
9559,
21198,
10337,
-4345,
-1068,
15444,
20581,
3748,
-15925,
-13591,
8865,
24760,
16609,
-2338,
-6887,
6406,
15449,
3425,
-17256,
-20339,
-441,
18868,
14762,
-6120,
-17353,
-7616,
5428,
213,
-18647,
-25756,
-8968,
13239,
14614,
-5417,
-21492,
-15385,
1216,
3864,
-11013,
-21085,
-8522,
14847,
21577,
3924,
-15986,
-14558,
3541,
13120,
2752,
-10230,
-3854,
17698,
28148,
13257,
-9940,
-14465,
2485,
17181,
11339,
-4201,
-5241,
12029,
24763,
13473,
-11344,
-21610,
-7260,
11490,
11056,
-5179,
-12913,
-703,
13980,
8078,
-15336,
-29487,
-17913,
4412,
10593,
-3783,
-16456,
-9369,
6869,
7631,
-11687,
-27897,
-19562,
4860,
17455,
6349,
-10177,
-9026,
6993,
13826,
-361,
-17940,
-14320,
9283,
26323,
18477,
-1538,
-7551,
5705,
16872,
7950,
-10470,
-12747,
7240,
26579,
22062,
-254,
-13365,
-4348,
10011,
7126,
-10353,
-17958,
-2788,
17814,
17718,
-4224,
-22491,
-17609,
-328,
4130,
-9773,
-20883,
-10685,
10492,
15810,
-2992,
-24075,
-23071,
-3748,
8202,
-476,
-13808,
-9286,
10635,
20708,
6285,
-16325,
-19915,
-919,
16742,
13223,
-2058,
-4563,
11333,
24171,
14210,
-9123,
-18081,
-2031,
18946,
20122,
3528,
-6398,
3565,
17606,
12628,
-9603,
-23155,
-11238,
11621,
17914,
2062,
-13729,
-9800,
5051,
6368,
-11875,
-27792,
-19902,
4042,
16063,
3410,
-15896,
-17464,
-2314,
5861,
-6217,
-22600,
-18969,
4326,
21216,
12843,
-8513,
-15816,
-2196,
11513,
5940,
-10242,
-11988,
7776,
27117,
22694,
1,
-13574,
-3803,
13168,
13593,
-1875,
-9620,
4230,
23747,
23117,
587,
-18428,
-13532,
5241,
11821,
-1228,
-13783,
-6415,
12297,
16264,
-3354,
-25288,
-24720,
-4705,
