29491,
29428,
29239,
28925,
28486,
27926,
27246,
26450,
25540,
24521,
23397,
22173,
20853,
19445,
17953,
16384,
14746,
13044,
11286,
9480,
7633,
5753,
3849,
1929,
0,
-1929,
-3849,
-5753,
-7633,
-9480,
-11286,
-13044,
-14746,
-16384,
-17953,
-19445,
-20853,
-22173,
-23397,
-24521,
-25540,
-26450,
-27246,
-27926,
-28486,
-28925,
-29239,
-29428,
-29491,
-29428,
-29239,
-28925,
-28486,
-27926,
-27246,
-26450,
-25540,
-24521,
-23397,
-22173,
-20853,
-19445,
-17953,
-16384,
-14746,
-13044,
-11286,
-9480,
-7633,
-5753,
-3849,
-1929,
0,
1929,
3849,
5753,
7633,
9480,
11286,
13044,
14746,
16384,
17953,
19445,
20853,
22173,
23397,
24521,
25540,
26450,
27246,
27926,
28486,
28925,
29239,
29428,
29491,
29428,
29239,
28925,
28486,
27926,
27246,
26450,
25540,
24521,
23397,
22173,
20853,
19445,
17953,
16384,
14746,
13044,
11286,
9480,
7633,
5753,
3849,
1929,
0,
-1929,
-3849,
-5753,
-7633,
-9480,
-11286,
-13044,
-14746,
-16384,
-17953,
-19445,
-20853,
-22173,
-23397,
-24521,
-25540,
-26450,
-27246,
-27926,
-28486,
-28925,
-29239,
-29428,
-29491,
-29428,
-29239,
-28925,
-28486,
-27926,
-27246,
-26450,
-25540,
-24521,
-23397,
-22173,
-20853,
-19445,
-17953,
-16384,
-14746,
-13044,
-11286,
-9480,
-7633,
-5753,
-3849,
-1929,
0,
1929,
3849,
5753,
7633,
9480,
11286,
13044,
14746,
16384,
17953,
19445,
20853,
22173,
23397,
24521,
25540,
26450,
27246,
27926,
28486,
28925,
29239,
29428,
29491,
29428,
29239,
28925,
28486,
27926,
27246,
26450,
25540,
24521,
23397,
22173,
20853,
19445,
17953,
16384,
14746,
13044,
11286,
9480,
7633,
5753,
3849,
1929,
0,
-1929,
-3849,
-5753,
-7633,
-9480,
-11286,
-13044,
-14746,
-16384,
-17953,
-19445,
-20853,
-22173,
-23397,
-24521,
-25540,
-26450,
-27246,
-27926,
-28486,
-28925,
-29239,
-29428,
-29491,
-29428,
-29239,
-28925,
-28486,
-27926,
-27246,
-26450,
-25540,
-24521,
-23397,
-22173,
-20853,
-19445,
-17953,
-16384,
-14746,
-13044,
-11286,
-9480,
-7633,
-5753,
-3849,
-1929,
0,
1929,
3849,
5753,
7633,
9480,
11286,
13044,
14746,
16384,
17953,
19445,
20853,
22173,
23397,
24521,
25540,
26450,
27246,
27926,
28486,
28925,
29239,
29428,
29491,
29428,
29239,
28925,
28486,
27926,
27246,
26450,
25540,
24521,
23397,
22173,
20853,
19445,
17953,
16384,
14746,
13044,
11286,
9480,
7633,
5753,
3849,
1929,
0,
-1929,
-3849,
-5753,
-7633,
-9480,
-11286,
-13044,
-14746,
-16384,
-17953,
-19445,
-20853,
-22173,
-23397,
-24521,
-25540,
-26450,
-27246,
-27926,
-28486,
-28925,
-29239,
-29428,
-29491,
-29428,
-29239,
-28925,
-28486,
-27926,
-27246,
-26450,
-25540,
-24521,
-23397,
-22173,
-20853,
-19445,
-17953,
-16384,
-14746,
-13044,
-11286,
-9480,
-7633,
-5753,
-3849,
-1929,
0,
1929,
3849,
5753,
7633,
9480,
11286,
13044,
14746,
16384,
17953,
19445,
20853,
22173,
23397,
24521,
25540,
26450,
27246,
27926,
28486,
28925,
29239,
29428,
29491,
29428,
29239,
28925,
28486,
27926,
27246,
26450,
25540,
24521,
23397,
22173,
20853,
19445,
17953,
16384,
14746,
13044,
11286,
9480,
7633,
5753,
3849,
1929,
0,
-1929,
-3849,
-5753,
-7633,
-9480,
-11286,
-13044,
-14746,
-16384,
-17953,
-19445,
-20853,
-22173,
-23397,
-24521,
-25540,
-26450,
-27246,
-27926,
-28486,
-28925,
-29239,
-29428,
-29491,
-29428,
-29239,
-28925,
-28486,
-27926,
-27246,
-26450,
-25540,
-24521,
-23397,
-22173,
-20853,
-19445,
-17953,
-16384,
-14746,
-13044,
-11286,
-9480,
-7633,
-5753,
-3849,
-1929,
0,
1929,
3849,
5753,
7633,
9480,
11286,
13044,
14746,
16384,
17953,
19445,
20853,
22173,
23397,
24521,
25540,
26450,
27246,
27926,
28486,
28925,
29239,
29428,
29491,
29428,
29239,
28925,
28486,
27926,
27246,
26450,
25540,
24521,
23397,
22173,
20853,
19445,
17953,
16384,
14746,
13044,
11286,
9480,
7633,
5753,
3849,
1929,
0,
-1929,
-3849,
-5753,
-7633,
-9480,
-11286,
-13044,
-14746,
-16384,
-17953,
-19445,
-20853,
-22173,
-23397,
-24521,
-25540,
-26450,
-27246,
-27926,
-28486,
-28925,
-29239,
-29428,
-29491,
-29428,
-29239,
-28925,
-28486,
-27926,
-27246,
-26450,
-25540,
-24521,
-23397,
-22173,
-20853,
-19445,
-17953,
-16384,
-14746,
-13044,
-11286,
-9480,
-7633,
-5753,
-3849,
-1929,
0,
1929,
3849,
5753,
7633,
9480,
11286,
13044,
14746,
16384,
17953,
19445,
20853,
22173,
23397,
24521,
25540,
26450,
27246,
27926,
28486,
28925,
29239,
29428,
29491,
29428,
29239,
28925,
28486,
27926,
27246,
26450,
25540,
24521,
23397,
22173,
20853,
19445,
17953,
16384,
14746,
13044,
11286,
9480,
7633,
5753,
3849,
1929,
0,
-1929,
-3849,
-5753,
-7633,
-9480,
-11286,
-13044,
-14746,
-16384,
-17953,
-19445,
-20853,
-22173,
-23397,
-24521,
-25540,
-26450,
-27246,
-27926,
-28486,
-28925,
-29239,
-29428,
-29491,
-29428,
-29239,
-28925,
-28486,
-27926,
-27246,
-26450,
-25540,
-24521,
-23397,
-22173,
-20853,
-19445,
-17953,
-16384,
-14746,
-13044,
-11286,
-9480,
-7633,
-5753,
-3849,
-1929,
0,
1929,
3849,
5753,
7633,
9480,
11286,
13044,
14746,
16384,
17953,
19445,
20853,
22173,
23397,
24521,
25540,
26450,
27246,
27926,
28486,
28925,
29239,
29428,
29491,
29428,
29239,
28925,
28486,
27926,
27246,
26450,
25540,
24521,
23397,
22173,
20853,
19445,
17953,
16384,
14746,
13044,
11286,
9480,
7633,
5753,
3849,
1929,
0,
-1929,
-3849,
-5753,
-7633,
-9480,
-11286,
-13044,
-14746,
-16384,
-17953,
-19445,
-20853,
-22173,
-23397,
-24521,
-25540,
-26450,
-27246,
-27926,
-28486,
-28925,
-29239,
-29428,
-29491,
-29428,
-29239,
-28925,
-28486,
-27926,
-27246,
-26450,
-25540,
-24521,
-23397,
-22173,
-20853,
-19445,
-17953,
-16384,
-14746,
-13044,
-11286,
-9480,
-7633,
-5753,
-3849,
-1929,
0,
1929,
3849,
5753,
7633,
9480,
11286,
13044,
14746,
16384,
17953,
19445,
20853,
22173,
23397,
24521,
25540,
26450,
27246,
27926,
28486,
28925,
29239,
29428,
29491,
29428,
29239,
28925,
28486,
27926,
27246,
26450,
25540,
24521,
23397,
22173,
20853,
19445,
17953,
16384,
14746,
13044,
11286,
9480,
7633,
5753,
3849,
1929,
0,
-1929,
-3849,
-5753,
-7633,
-9480,
-11286,
-13044,
-14746,
-16384,
-17953,
-19445,
-20853,
-22173,
-23397,
-24521,
-25540,
-26450,
-27246,
-27926,
-28486,
-28925,
-29239,
-29428,
-29491,
-29428,
-29239,
-28925,
-28486,
-27926,
-27246,
-26450,
-25540,
-24521,
-23397,
-22173,
-20853,
-19445,
-17953,
-16384,
-14746,
-13044,
-11286,
-9480,
-7633,
-5753,
-3849,
-1929,
0,
1929,
3849,
5753,
7633,
9480,
11286,
13044,
14746,
16384,
17953,
19445,
20853,
22173,
23397,
24521,
25540,
26450,
27246,
27926,
28486,
28925,
29239,
29428,
29491,
29428,
29239,
28925,
28486,
27926,
27246,
26450,
25540,
24521,
23397,
22173,
20853,
19445,
17953,
16384,
14746,
13044,
11286,
9480,
7633,
5753,
3849,
1929,
0,
-1929,
-3849,
-5753,
-7633,
-9480,
-11286,
-13044,
-14746,
-16384,
-17953,
-19445,
-20853,
-22173,
-23397,
-24521,
-25540,
-26450,
-27246,
-27926,
-28486,
-28925,
-29239,
-29428,
-29491,
-29428,
-29239,
-28925,
-28486,
-27926,
-27246,
-26450,
-25540,
-24521,
-23397,
-22173,
-20853,
-19445,
-17953,
-16384,
-14746,
-13044,
-11286,
-9480,
-7633,
-5753,
-3849,
-1929,
0,
1929,
3849,
5753,
7633,
9480,
11286,
13044,
14746,
16384,
17953,
19445,
20853,
22173,
23397,
24521,
25540,
26450,
27246,
27926,
28486,
28925,
29239,
29428,
29491,
29428,
29239,
28925,
28486,
27926,
27246,
26450,
25540,
24521,
23397,
22173,
20853,
19445,
17953,
16384,
14746,
13044,
11286,
9480,
7633,
5753,
3849,
1929,
0,
-1929,
-3849,
-5753,
-7633,
-9480,
-11286,
-13044,
-14746,
-16384,
-17953,
-19445,
-20853,
-22173,
-23397,
-24521,
-25540,
-26450,
-27246,
-27926,
-28486,
-28925,
-29239,
-29428,
-29491,
-29428,
-29239,
-28925,
-28486,
-27926,
-27246,
-26450,
-25540,
-24521,
-23397,
-22173,
-20853,
-19445,
-17953,
-16384,
