0,
-25,
-74,
-146,
-239,
-352,
-477,
-613,
-764,
-910,
-1055,
-1196,
-1329,
-1445,
-1549,
-1627,
-1681,
-1715,
-1718,
-1692,
-1641,
-1567,
-1463,
-1333,
-1171,
-992,
-796,
-577,
-334,
-76,
194,
483,
775,
1085,
1403,
1723,
2053,
2395,
2741,
3092,
3456,
3833,
4204,
4585,
4962,
5338,
5707,
6072,
6430,
6777,
7100,
7386,
7622,
7818,
7962,
8054,
8087,
8069,
7987,
7851,
7660,
7410,
7108,
6733,
6321,
5847,
5331,
4753,
4140,
3480,
2792,
2060,
1297,
511,
-307,
-1140,
-1986,
-2851,
-3719,
-4593,
-5469,
-6341,
-7207,
-8048,
-8869,
-9679,
-10452,
-11206,
-11907,
-12565,
-13174,
-13747,
-14270,
-14729,
-15128,
-15472,
-15739,
-15925,
-16043,
-16089,
-16050,
-15947,
-15770,
-15502,
-15175,
-14752,
-14246,
-13682,
-13046,
-12329,
-11555,
-10716,
-9810,
-8840,
-7830,
-6774,
-5665,
-4506,
-3335,
-2125,
-875,
374,
1619,
2887,
4142,
5393,
6654,
7882,
9091,
10272,
11425,
12529,
13587,
14605,
15560,
16454,
17298,
18068,
18763,
19384,
19923,
20380,
20746,
21028,
21219,
21327,
21338,
21247,
21057,
20782,
20416,
19946,
19387,
18750,
18008,
17187,
16299,
15318,
14270,
13144,
11959,
10701,
9400,
8038,
6635,
5209,
3736,
2241,
738,
-764,
-2296,
-3804,
-5310,
-6811,
-8279,
-9732,
-11149,
-12521,
-13833,
-15114,
-16327,
-17477,
-18558,
-19553,
-20490,
-21340,
-22104,
-22774,
-23348,
-23828,
-24202,
-24481,
-24629,
-24676,
-24617,
-24458,
-24189,
-23822,
-23354,
-22764,
-22083,
-21304,
-20438,
-19459,
-18398,
-17264,
-16056,
-14754,
-13393,
-11975,
-10500,
-8957,
-7392,
-5781,
-4125,
-2447,
-761,
928,
2614,
4290,
5946,
7577,
9175,
10761,
12300,
13783,
15214,
16578,
17872,
19111,
20273,
21347,
22343,
23234,
24029,
24719,
25309,
25792,
26164,
26430,
26583,
26595,
26500,
26293,
25972,
25543,
25007,
24361,
23620,
22746,
21780,
20721,
19571,
18348,
17043,
15633,
14168,
12635,
11049,
9417,
7744,
6032,
4299,
2549,
790,
-979,
-2743,
-4513,
-6268,
-7994,
-9691,
-11346,
-12949,
-14500,
-15989,
-17412,
-18780,
-20080,
-21289,
-22405,
-23429,
-24360,
-25185,
-25905,
-26513,
-26990,
-27348,
-27596,
-27726,
-27736,
-27632,
-27411,
-27073,
-26622,
-26058,
-25382,
-24606,
-23696,
-22682,
-21580,
-20382,
-19104,
-17743,
-16299,
-14798,
-13200,
-11549,
-9842,
-8105,
-6326,
-4521,
-2700,
-865,
976,
2807,
4635,
6435,
8216,
9954,
11654,
13302,
14898,
16428,
17892,
19272,
20582,
21797,
22923,
23956,
24882,
25704,
26415,
27022,
27511,
27884,
28137,
28271,
28284,
28187,
27964,
27603,
27132,
26533,
25828,
25016,
24088,
23056,
21930,
20712,
19401,
18013,
16539,
14997,
13388,
11726,
10016,
8259,
6474,
4656,
2821,
972,
-878,
-2749,
-4611,
-6454,
-8262,
-10045,
-11783,
-13469,
-15097,
-16668,
-18161,
-19581,
-20920,
-22171,
-23326,
-24384,
-25343,
-26189,
-26926,
-27552,
-28035,
-28404,
-28645,
-28773,
-28775,
-28660,
-28418,
-28062,
-27589,
-26990,
-26288,
-25471,
-24537,
-23493,
-22338,
-21092,
-19756,
-18333,
-16829,
-15256,
-13622,
-11926,
-10181,
-8389,
-6563,
-4701,
-2831,
-948,
946,
2830,
4704,
6558,
8390,
10180,
11925,
13627,
15261,
16838,
18343,
19771,
21118,
22371,
23527,
24593,
25537,
26376,
27103,
27718,
28208,
28575,
28822,
28946,
28950,
28823,
28572,
28207,
27718,
27106,
26380,
25543,
24585,
23530,
22369,
21115,
19775,
18350,
16847,
15269,
13637,
11934,
10189,
8400,
6576,
4724,
2853,
966,
-919,
-2829,
-4726,
-6606,
-8452,
-10268,
-12035,
-13756,
-15393,
-16966,
-18466,
-19894,
-21233,
-22481,
-23637,
-24694,
-25646,
-26492,
-27222,
-27844,
-28343,
-28720,
-28979,
-29116,
-29131,
-29024,
-28792,
-28442,
-27965,
-27357,
-26629,
-25791,
-24836,
-23780,
-22621,
-21361,
-20016,
-18583,
-17067,
-15484,
-13837,
-12124,
-10357,
-8552,
-6712,
-4834,
-2945,
-1042,
870,
2776,
4670,
6545,
8388,
10200,
11972,
13689,
15346,
16944,
18466,
19902,
21262,
22522,
23689,
24758,
25717,
26573,
27304,
27922,
28423,
28802,
29052,
29187,
29190,
29070,
28823,
28457,
27965,
27346,
26609,
25763,
24799,
23743,
22579,
21323,
19974,
18537,
17034,
15453,
13806,
12102,
10344,
8541,
6709,
4843,
2934,
1016,
-911,
-2829,
-4738,
-6624,
-8486,
-10313,
-12074,
-13781,
-15429,
-17014,
-18529,
-19965,
-21315,
-22576,
-23741,
-24810,
-25768,
-26623,
-27364,
-27989,
-28496,
-28882,
-29142,
-29288,
-29306,
-29204,
-28972,
-28603,
-28117,
-27504,
-26774,
-25927,
-24975,
-23913,
-22750,
-21489,
-20140,
-18700,
-17179,
-15586,
-13928,
-12209,
-10439,
-8627,
-6774,
-4891,
-2989,
-1075,
845,
2757,
4663,
6546,
8391,
10219,
11994,
13718,
15392,
16992,
18517,
19968,
21328,
22600,
23775,
24843,
25809,
26664,
27406,
28025,
28532,
28913,
29167,
29302,
29310,
29190,
28942,
28563,
28066,
27446,
26712,
25859,
24902,
23839,
22681,
21423,
20074,
18636,
17124,
15541,
13892,
12182,
10419,
8620,
6776,
4884,
2970,
1047,
-888,
-2811,
-4729,
-6617,
-8487,
-10323,
-12085,
-13794,
-15455,
-17043,
-18564,
-20004,
-21358,
-22629,
-23795,
-24861,
-25831,
-26690,
-27434,
-28064,
-28570,
-28961,
-29230,
-29373,
-29388,
-29284,
-29044,
-28674,
-28182,
-27573,
-26840,
-25994,
-25041,
-23979,
-22812,
-21550,
-20193,
-18752,
-17231,
-15634,
-13975,
-12250,
-10472,
-8655,
-6799,
-4912,
-3011,
-1087,
832,
2756,
4653,
6552,
8406,
10233,
12014,
13742,
15415,
17023,
18552,
20003,
21372,
22645,
23819,
24897,
25864,
26725,
27466,
28093,
28603,
28979,
29238,
29371,
29378,
29255,
29004,
28625,
28126,
27502,
26773,
25918,
24968,
23897,
22736,
21478,
20127,
18688,
17177,
15590,
13936,
12226,
10462,
8653,
6786,
4890,
2975,
1047,
-888,
-2817,
-4735,
-6631,
-8502,
-10318,
-12080,
-13797,
-15456,
-17051,
-18573,
-20013,
-21375,
-22638,
-23819,
-24892,
-25856,
-26716,
-27464,
-28093,
-28605,
-28995,
-29265,
-29412,
-29429,
-29313,
-29070,
-28699,
-28209,
-27600,
-26872,
-26024,
-25070,
-24004,
-22838,
-21573,
-20218,
-18772,
-17257,
-15658,
-13995,
-12266,
-10495,
-8669,
-6813,
-4926,
-3018,
-1100,
824,
2747,
4653,
6543,
8403,
10231,
12013,
13746,
15415,
17028,
18561,
20011,
21380,
22652,
23836,
24910,
25880,
26737,
27483,
28112,
28615,
28997,
29258,
29389,
29399,
29282,
29025,
28647,
28145,
27525,
26795,
25941,
24985,
23926,
22759,
21497,
20149,
18708,
17197,
15612,
13954,
12239,
10478,
8648,
6777,
4885,
2967,
1037,
-898,
-2831,
-4751,
-6645,
-8493,
-10301,
-12073,
-13788,
-15452,
-17041,
-18568,
-20010,
-21371,
-22637,
-23816,
-24890,
-25858,
-26715,
-27471,
-28097,
-28611,
-29001,
-29269,
-29417,
-29443,
-29326,
-29082,
-28712,
-28222,
-27608,
-26883,
-26034,
-25081,
-24019,
-22852,
-21591,
-20232,
-18786,
-17261,
-15672,
-14008,
-12283,
-10501,
-8687,
-6823,
-4936,
-3035,
-1107,
813,
2732,
4645,
6531,
8394,
10217,
12003,
13735,
15411,
17016,
18548,
20004,
21370,
22645,
23830,
24904,
25872,
26729,
27480,
28107,
28614,
28997,
29255,
29394,
29402,
29283,
29030,
28651,
28150,
27533,
26798,
25951,
24993,
23935,
22767,
21509,
20157,
18722,
17206,
15624,
13965,
12254,
10488,
8655,
6793,
4895,
2979,
1050,
-887,
-2819,
-4738,
-6638,
-8500,
-10317,
-12086,
-13805,
-15463,
-17055,
-18580,
-20022,
-21383,
-22654,
-23825,
-24898,
-25868,
-26729,
-27478,
-28105,
-28618,
-29010,
-29279,
-29425,
-29447,
-29329,
-29082,
-28718,
-28224,
-27612,
-26882,
-26035,
-25081,
-24014,
-22851,
-21582,
-20227,
-18782,
-17264,
-15664,
-13999,
-12275,
-10499,
-8675,
-6816,
-4932,
-3021,
-1099,
825,
2747,
4658,
6546,
8407,
10234,
12019,
13754,
15424,
17028,
18563,
20016,
21383,
22659,
23839,
24915,
25884,
26744,
27491,
28114,
28625,
29005,
29261,
29398,
29405,
29285,
29027,
28652,
28151,
27532,
26799,
25947,
24988,
23926,
22764,
21501,
20149,
18712,
17203,
