-29491,
-29403,
-29165,
-28779,
-28247,
-27574,
-26769,
-25837,
-24776,
-23611,
-22342,
-20977,
-19524,
-18000,
-16404,
-14757,
-13065,
-11329,
-9568,
-7788,
-5992,
-4186,
-2386,
-596,
1171,
2921,
4645,
6330,
7967,
9556,
11092,
12561,
13971,
15299,
16550,
17722,
18800,
19778,
20656,
21429,
22084,
22617,
23042,
23341,
23524,
23587,
23532,
23356,
23061,
22651,
22139,
21539,
20864,
20108,
19284,
18396,
17453,
16452,
15410,
14322,
13193,
12035,
10845,
9651,
8425,
7197,
5955,
4727,
3493,
2273,
1057,
-131,
-1297,
-2440,
-3542,
-4613,
-5647,
-6629,
-7567,
-8451,
-9277,
-10043,
-10746,
-11397,
-11984,
-12494,
-12945,
-13315,
-13633,
-13885,
-14072,
-14179,
-14216,
-14196,
-14111,
-13956,
-13752,
-13503,
-13196,
-12836,
-12436,
-11979,
-11476,
-10948,
-10365,
-9769,
-9151,
-8491,
-7807,
-7116,
-6398,
-5668,
-4936,
-4204,
-3456,
-2706,
-1968,
-1247,
-514,
196,
875,
1555,
2230,
2866,
3491,
4087,
4632,
5162,
5655,
6112,
6528,
6916,
7266,
7568,
7837,
8067,
8242,
8382,
8483,
8542,
8563,
8545,
8493,
8400,
8272,
8101,
7901,
7678,
7429,
7144,
6830,
6504,
6153,
5771,
5389,
4986,
4554,
4127,
3683,
3240,
2787,
2343,
1886,
1442,
998,
544,
113,
-312,
-738,
-1165,
-1553,
-1949,
-2323,
-2669,
-3007,
-3312,
-3597,
-3863,
-4120,
-4331,
-4526,
-4696,
-4839,
-4968,
-5050,
-5110,
-5142,
-5152,
-5138,
-5097,
-5037,
-4947,
-4862,
-4752,
-4622,
-4467,
-4297,
-4104,
-3892,
-3686,
-3457,
-3217,
-2959,
-2714,
-2455,
-2181,
-1897,
-1630,
-1353,
-1069,
-786,
-523,
-241,
28,
276,
518,
761,
1001,
1235,
1463,
1687,
1903,
2111,
2283,
2446,
2601,
2739,
2867,
2981,
3062,
3124,
3174,
3197,
3216,
3217,
3207,
3177,
3133,
3075,
2998,
2908,
2833,
2739,
2632,
2514,
2383,
2239,
2089,
1920,
1775,
1617,
1452,
1282,
1097,
910,
751,
578,
409,
237,
63,
-111,
-279,
-450,
-620,
-790,
-950,
-1106,
-1240,
-1365,
-1486,
-1595,
-1698,
-1797,
-1884,
-1964,
-2033,
-2073,
-2093,
-2108,
-2116,
-2111,
-2090,
-2061,
-2021,
-1973,
-1935,
-1891,
-1832,
-1765,
-1692,
-1607,
-1514,
-1413,
-1304,
-1188,
-1068,
-934,
-825,
-715,
-593,
-471,
-341,
-210,
-85,
52,
156,
263,
362,
472,
573,
672,
771,
865,
953,
1042,
1118,
1198,
1264,
1332,
1390,
1444,
1486,
1525,
1553,
1581,
1591,
1600,
1598,
1584,
1568,
1542,
1511,
1464,
1414,
1355,
1291,
1220,
1144,
1052,
961,
883,
794,
713,
622,
524,
433,
341,
243,
141,
44,
-60,
-155,
-251,
-344,
-440,
-536,
-626,
-721,
-807,
-892,
-972,
-1051,
-1100,
-1142,
-1179,
-1218,
-1241,
-1261,
-1277,
-1287,
-1285,
-1284,
-1272,
-1253,
-1226,
-1195,
-1156,
-1107,
-1057,
-1000,
-934,
-890,
-835,
-783,
-718,
-653,
-579,
-507,
-424,
-337,
-256,
-162,
-69,
16,
96,
165,
239,
311,
380,
445,
510,
578,
640,
701,
756,
810,
852,
902,
948,
983,
1019,
1049,
1075,
1090,
1106,
1119,
1119,
1123,
1115,
1102,
1082,
1055,
1026,
994,
947,
913,
870,
823,
768,
717,
664,
606,
545,
478,
416,
353,
279,
208,
140,
70,
-3,
-64,
-133,
-196,
-262,
-330,
-397,
-463,
-523,
-593,
-648,
-709,
-767,
-823,
-875,
-924,
-966,
-1010,
-1020,
-1027,
-1027,
-1028,
-1018,
-1009,
-990,
-991,
-987,
-979,
-959,
-940,
-916,
-884,
-846,
-804,
-754,
-704,
-642,
-582,
-519,
-449,
-375,
-297,
-215,
-133,
-44,
39,
111,
179,
251,
315,
383,
448,
508,
571,
630,
683,
738,
793,
838,
877,
919,
959,
985,
1016,
1042,
1059,
1073,
1083,
1088,
1092,
1086,
1072,
1057,
1038,
1009,
979,
951,
911,
875,
832,
782,
733,
673,
622,
564,
502,
437,
376,
304,
238,
169,
102,
29,
-39,
-100,
-159,
-223,
-278,
-346,
-406,
-470,
-529,
-584,
-650,
-707,
-762,
-816,
-864,
-908,
-956,
-994,
-1005,
-1016,
-1018,
-1020,
-1015,
-1009,
-994,
-973,
-970,
-965,
-955,
-939,
-916,
-888,
-858,
-821,
-780,
-730,
-682,
-623,
-562,
-497,
-429,
-357,
-286,
-203,
-122,
-35,
47,
117,
191,
258,
324,
387,
454,
516,
577,
636,
695,
747,
795,
840,
884,
923,
959,
994,
1021,
1042,
1060,
1075,
1084,
1092,
1090,
1087,
1089,
1067,
1050,
1028,
992,
961,
928,
885,
845,
797,
746,
697,
641,
582,
520,
461,
393,
326,
261,
189,
118,
49,
-17,
-77,
-140,
-200,
-262,
-319,
-381,
-442,
-508,
-570,
-629,
-683,
-740,
-795,
-848,
-896,
-939,
-987,
-1023,
-1035,
-1041,
-1047,
-1041,
-1038,
-1024,
-1016,
-993,
-963,
-959,
-952,
-929,
-910,
-881,
-849,
-815,
-768,
-726,
-679,
-619,
-556,
-492,
-422,
-355,
-278,
-198,
-118,
-40,
45,
119,
188,
256,
327,
390,
454,
520,
582,
639,
697,
748,
799,
847,
888,
931,
964,
992,
1022,
1046,
1063,
1082,
1087,
1097,
1093,
1100,
1081,
1074,
1053,
1030,
1004,
969,
930,
893,
850,
801,
752,
702,
643,
586,
521,
460,
393,
322,
260,
190,
120,
50,
-16,
-79,
-139,
-200,
-256,
-323,
-378,
-447,
-500,
-563,
-625,
-682,
-735,
-793,
-844,
-892,
-940,
-982,
-1020,
-1033,
-1041,
-1046,
-1047,
-1041,
-1032,
-1018,
-1002,
-978,
-968,
-964,
-949,
-928,
-902,
-872,
-840,
-798,
-759,
-702,
-648,
-594,
-530,
-462,
-393,
-320,
-244,
-163,
-79,
1,
74,
145,
213,
283,
354,
422,
484,
549,
607,
665,
720,
773,
819,
873,
912,
951,
980,
1015,
1036,
1060,
1077,
1089,
1100,
1105,
1102,
1100,
1090,
1077,
1055,
1031,
1000,
969,
925,
884,
842,
793,
745,
685,
630,
570,
509,
443,
374,
310,
242,
170,
102,
29,
-43,
-100,
-161,
-219,
-279,
-345,
-401,
-464,
-529,
-586,
-644,
-704,
-755,
-813,
-866,
-910,
-953,
-998,
-1015,
-1024,
-1036,
-1038,
-1037,
-1031,
-1018,
-1002,
-988,
-987,
-985,
-971,
-958,
-932,
-912,
-877,
-843,
-802,
-760,
-705,
-650,
-592,
-531,
-455,
-389,
-314,
-238,
-159,
-74,
15,
87,
157,
226,
296,
362,
433,
494,
560,
622,
679,
738,
787,
833,
877,
926,
964,
997,
1021,
1054,
1070,
1087,
1106,
1107,
1116,
1117,
1108,
1102,
1086,
1069,
1041,
1011,
973,
937,
897,
849,
803,
752,
691,
636,
578,
517,
446,
379,
311,
242,
173,
97,
26,
-44,
-105,
-165,
-224,
-287,
-348,
-411,
-472,
-538,
-594,
-656,
-712,
-769,
-822,
-878,
-921,
-968,
-1008,
-1022,
-1040,
-1046,
-1050,
-1050,
-1042,
-1030,
-1015,
-995,
-980,
-969,
-958,
-941,
-921,
-898,
-865,
-831,
-790,
-743,
-696,
-642,
-582,
-517,
-448,
-381,
-307,
-229,
-149,
-66,
19,
90,
157,
232,
298,
366,
432,
495,
560,
617,
678,
729,
782,
829,
880,
918,
955,
989,
1019,
1042,
1063,
1083,
1092,
1099,
1104,
1102,
1095,
1087,
1073,
1052,
1025,
992,
960,
925,
882,
837,
790,
738,
682,
625,
566,
502,
435,
372,
300,
234,
167,
93,
23,
-46,
-102,
-166,
-225,
-286,
-349,
-407,
-467,
-529,
-591,
-648,
-704,
-759,
-819,
