82,
82,
84,
86,
92,
96,
102,
108,
118,
128,
140,
156,
174,
196,
228,
266,
318,
398,
524,
756,
1336,
5402,
2726,
1100,
692,
508,
402,
334,
284,
250,
222,
198,
180,
164,
152,
142,
134,
122,
116,
108,
102,
98,
94,
88,
86,
80,
74,
72,
70,
66,
62,
60,
58,
56,
52,
50,
48,
46,
44,
42,
40,
38,
38,
34,
32,
32,
32,
30,
26,
26,
24,
24,
24,
24,
22,
22,
24,
24,
26,
26,
30,
30,
34,
36,
38,
42,
46,
50,
56,
60,
68,
76,
82,
92,
102,
116,
130,
148,
172,
196,
234,
282,
350,
456,
640,
1048,
2672,
5456,
1392,
810,
580,
454,
376,
322,
280,
252,
230,
208,
194,
178,
170,
160,
152,
144,
138,
130,
126,
122,
116,
110,
110,
106,
102,
100,
96,
94,
92,
88,
88,
86,
82,
82,
82,
78,
78,
76,
76,
74,
72,
70,
68,
68,
66,
66,
64,
64,
64,
62,
62,
60,
62,
58,
60,
58,
56,
56,
56,
56,
54,
54,
54,
52,
52,
52,
52,
52,
50,
52,
50,
50,
48,
48,
48,
48,
48,
48,
46,
44,
46,
46,
44,
44,
44,
44,
44,
44,
44,
42,
42,
42,
16410,
42,
40,
42,
42,
40,
40,
40,
40,
40,
38,
38,
38,
38,
40,
38,
36,
38,
36,
36,
36,
36,
36,
36,
34,
36,
34,
36,
36,
36,
36,
34,
34,
34,
34,
34,
34,
34,
32,
34,
32,
32,
34,
32,
32,
32,
32,
32,
32,
32,
32,
32,
32,
32,
32,
32,
32,
32,
32,
32,
32,
32,
32,
32,
32,
32,
32,
30,
30,
30,
30,
30,
30,
30,
30,
30,
28,
30,
30,
30,
26,
28,
28,
26,
26,
26,
28,
28,
28,
28,
28,
26,
26,
28,
26,
28,
26,
26,
26,
26,
26,
28,
26,
28,
28,
26,
26,
26,
26,
26,
26,
24,
26,
26,
28,
28,
26,
24,
26,
26,
24,
24,
24,
26,
24,
24,
24,
24,
24,
24,
24,
26,
24,
24,
24,
26,
24,
24,
26,
24,
24,
24,
24,
24,
24,
24,
26,
24,
24,
24,
24,
24,
24,
22,
22,
22,
24,
22,
22,
24,
22,
24,
24,
24,
22,
22,
22,
22,
24,
24,
22,
22,
22,
22,
22,
22,
22,
22,
22,
22,
22,
22,
22,
22,
22,
22,
22,
24,
22,
22,
22,
22,
22,
22,
22,
22,
22,
22,
22,
20,
22,
22,
22,
20,
22,
22,
22,
22,
22,
22,
22,
22,
20,
20,
22,
20,
20,
20,
22,
20,
20,
20,
20,
20,
20,
20,
20,
20,
20,
20,
20,
20,
20,
20,
20,
20,
20,
20,
20,
20,
20,
20,
20,
20,
20,
20,
20,
20,
20,
18,
20,
20,
20,
20,
20,
20,
20,
20,
20,
18,
20,
20,
20,
20,
20,
20,
20,
20,
20,
20,
20,
20,
20,
20,
20,
20,
20,
20,
20,
20,
20,
20,
20,
20,
20,
20,
20,
20,
20,
20,
20,
20,
20,
20,
20,
20,
20,
20,
20,
20,
20,
20,
20,
22,
20,
22,
20,
20,
20,
22,
22,
20,
20,
0,
-17536,
0,
1,
0,
31744,
17938,
29516,
-128,
16384,
-31129,
14786,
16384,
-32768,
16384,
-3043,
-20691,
19348,
-4705,
-30888,
-24720,
0,
0,
0,
0,
0,
0,
0,
0,
0,
0,
0,
0,
0,
0,
0,
0,
0,
0,
0,
0,
0,
0,
29856,
-112,
2832,
0,
0,
0,
31408,
-112,
0,
0,
29852,
-112,
31024,
-112,
24,
0,
0,
0,
0,
0,
20520,
-112,
8338,
-96,
30008,
-128,
24,
0,
0,
0,
29864,
-112,
20508,
-112,
7828,
-96,
30008,
-128,
520,
0,
0,
0,
25938,
30067,
29804,
29472,
26473,
24942,
8300,
26223,
12576,
12848,
8244,
24947,
28781,
25964,
8307,
24947,
25974,
8292,
28265,
11808,
23598,
29299,
23651,
24441,
26995,
28263,
27745,
29742,
29816,
2592,
27745,
28448,
8294,
12337,
13362,
29472,
28001,
27760,
29541,
10,
0,
0,
11317,
11530,
12595,
13881,
2604,
14129,
12342,
11312,
12810,
13872,
12601,
2604,
12598,
14135,
2604,
13101,
14130,
11319,
13834,
14129,
11319,
12810,
13872,
12601,
2604,
14129,
12342,
11312,
11530,
12595,
13881,
2604,
12589,
13623,
13616,
2604,
14125,
12855,
11315,
12554,
12596,
14131,
2604,
12594,
14646,
11312,
14090,
13623,
11321,
11530,
13879,
12853,
2604,
13357,
12601,
11317,
14602,
12337,
11314,
12554,
12337,
14388,
2604,
13869,
12852,
11313,
11530,
13106,
14131,
11316,
11530,
14385,
13105,
11321,
13066,
14136,
11313,
12554,
13110,
13616,
2604,
12853,
14647,
2604,
12589,
13875,
13106,
2604,
12589,
14134,
14128,
2604,
13101,
14130,
11312,
13322,
13878,
11319,
11530,
14390,
14131,
2604,
12845,
14387,
14131,
2604,
12845,
13362,
13879,
2604,
12589,
13361,
11315,
12554,
12342,
14646,
2604,
14137,
12594,
2604,
12589,
13104,
13369,
2604,
12589,
13624,
12342,
2604,
13869,
13621,
11316,
13834,
13880,
11316,
12810,
13875,
11319,
11530,
13105,
13874,
11320,
11530,
13873,
13872,
11321,
12810,
13364,
11313,
12810,
13362,
13879,
2604,
12338,
12343,
11314,
12810,
13368,
2604,
12589,
12851,
12339,
2604,
13357,
13623,
11318,
12554,
14385,
12854,
2604,
13105,
12854,
11315,
11530,
13108,
11316,
11530,
12856,
14647,
2604,
13876,
12857,
2604,
13362,
14646,
11314,
12810,
520,
0,
0,
0,
12594,
2604,
12589,
13106,
13876,
2604,
14637,
12337,
11314,
14346,
13876,
11314,
12554,
13877,
14647,
2604,
14643,
14387,
2604,
14381,
14389,
11315,
11530,
13362,
80,
0,
0,
0,
8410,
3,
30715,
-112,
30512,
-112,
31024,
-112,
30512,
-112,
31024,
-112,
30512,
-112,
30991,
-112,
45,
13356,
11315,
13834,
12853,
2604,
14135,
14645,
2604,
12594,
14646,
11312,
12554,
12596,
14131,
2604,
14125,
12855,
11315,
11530,
520,
0,
0,
0,
11312,
13578,
12338,
2604,
11312,
12298,
2604,
11312,
12554,
13618,
13369,
2604,
13874,
13360,
2604,
12810,
14386,
12337,
2604,
13361,
14387,
11318,
12554,
13106,
14131,
2604,
13874,
13360,
2604,
13105,
13875,
11313,
12554,
13108,
14136,
2604,
12593,
12595,
11320,
12554,
13618,
13365,
2604,
13105,
12337,
11318,
12554,
12596,
12595,
2604,
13874,
13360,
2604,
13105,
14136,
11316,
12554,
13107,
12342,
2604,
13874,
13360,
2604,
13105,
12337,
11317,
12554,
14387,
13623,
2604,
12593,
12595,
11315,
12554,
13618,
13365,
2604,
13105,
12337,
11320,
12554,
12596,
13875,
2604,
13874,
13360,
2604,
12849,
14645,
11315,
12554,
13618,
13625,
2604,
12593,
12851,
11312,
12554,
13618,
13365,
2604,
13105,
12598,
11320,
12554,
13107,
13622,
2604,
13874,
13360,
2604,
13105,
12337,
11317,
12554,
13106,
14131,
2604,
12593,
12595,
11320,
12554,
13618,
13365,
2604,
13105,
