0,
1500,
2996,
4482,
5953,
7405,
8833,
10232,
11598,
12927,
14214,
15456,
16648,
17787,
18870,
19893,
20853,
21748,
22575,
23332,
24018,
24630,
25167,
25629,
26014,
26323,
26555,
26710,
26789,
26793,
26722,
26579,
26365,
26081,
25731,
25316,
24840,
24305,
23715,
23072,
22381,
21645,
20868,
20054,
19208,
18333,
17434,
16516,
15582,
14638,
13687,
12735,
11785,
10843,
9912,
8997,
8102,
7231,
6388,
5576,
4799,
4060,
3363,
2711,
2105,
1549,
1045,
595,
200,
-138,
-418,
-640,
-802,
-905,
-948,
-932,
-858,
-727,
-539,
-296,
0,
347,
742,
1184,
1670,
2196,
2759,
3356,
3984,
4638,
5315,
6012,
6723,
7444,
8172,
8902,
9630,
10352,
11062,
11757,
12432,
13084,
13708,
14300,
14856,
15372,
15845,
16272,
16648,
16971,
17239,
17448,
17595,
17680,
17700,
17653,
17538,
17355,
17101,
16778,
16384,
15920,
15386,
14784,
14113,
13376,
12574,
11709,
10783,
9798,
8758,
7665,
6522,
5334,
4102,
2833,
1528,
193,
-1168,
-2551,
-3952,
-5364,
-6785,
-8208,
-9630,
-11046,
-12449,
-13837,
-15204,
-16544,
-17855,
-19131,
-20368,
-21561,
-22707,
-23801,
-24840,
-25821,
-26739,
-27592,
-28378,
-29093,
-29735,
-30302,
-30793,
-31206,
-31540,
-31793,
-31966,
-32058,
-32070,
-32000,
-31852,
-31624,
-31319,
-30938,
-30483,
-29956,
-29360,
-28697,
-27969,
-27181,
-26335,
-25436,
-24486,
-23490,
-22452,
-21376,
-20266,
-19128,
-17964,
-16781,
-15582,
-14373,
-13157,
-11940,
-10727,
-9521,
-8328,
-7152,
-5997,
-4867,
-3767,
-2700,
-1670,
-680,
266,
1164,
2013,
2810,
3552,
4237,
4863,
5429,
5933,
6375,
6754,
7069,
7320,
7509,
7634,
7697,
7699,
7641,
7525,
7353,
7127,
6849,
6522,
6149,
5733,
5278,
4786,
4261,
3707,
3128,
2528,
1911,
1281,
643,
0,
-643,
-1281,
-1911,
-2528,
-3128,
-3707,
-4261,
-4786,
-5278,
-5733,
-6149,
-6522,
-6849,
-7127,
-7353,
-7525,
-7641,
-7699,
-7697,
-7634,
-7509,
-7320,
-7069,
-6754,
-6375,
-5933,
-5429,
-4863,
-4237,
-3552,
-2810,
-2013,
-1164,
-266,
680,
1670,
2700,
3767,
4867,
5997,
7152,
8328,
9521,
10727,
11940,
13157,
14373,
15582,
16781,
17964,
19128,
20266,
21376,
22452,
23490,
24486,
25436,
26335,
27181,
27969,
28697,
29360,
29956,
30483,
30938,
31319,
31624,
31852,
32000,
32070,
32058,
31966,
31793,
31540,
31206,
30793,
30302,
29735,
29093,
28378,
27592,
26739,
25821,
24840,
23801,
22707,
21561,
20368,
19131,
17855,
16544,
15204,
13837,
12449,
11046,
9630,
8208,
6785,
5364,
3952,
2551,
1168,
-193,
-1528,
-2833,
-4102,
-5334,
-6522,
-7665,
-8758,
-9798,
-10783,
-11709,
-12574,
-13376,
-14113,
-14784,
-15386,
-15920,
-16384,
-16778,
-17101,
-17355,
-17538,
-17653,
-17700,
-17680,
-17595,
-17448,
-17239,
-16971,
-16648,
-16272,
-15845,
-15372,
-14856,
-14300,
-13708,
-13084,
-12432,
-11757,
-11062,
-10352,
-9630,
-8902,
-8172,
-7444,
-6723,
-6012,
-5315,
-4638,
-3984,
-3356,
-2759,
-2196,
-1670,
-1184,
-742,
-347,
0,
296,
539,
727,
858,
932,
948,
905,
802,
640,
418,
138,
-200,
-595,
-1045,
-1549,
-2105,
-2711,
-3363,
-4060,
-4799,
-5576,
-6388,
-7231,
-8102,
-8997,
-9912,
-10843,
-11785,
-12735,
-13687,
-14638,
-15582,
-16516,
-17434,
-18333,
-19208,
-20054,
-20868,
-21645,
-22381,
-23072,
-23715,
-24305,
-24840,
-25316,
-25731,
-26081,
-26365,
-26579,
-26722,
-26793,
-26789,
-26710,
-26555,
-26323,
-26014,
-25629,
-25167,
-24630,
-24018,
-23332,
-22575,
-21748,
-20853,
-19893,
-18870,
-17787,
-16648,
-15456,
-14214,
-12927,
-11598,
-10232,
-8833,
-7405,
-5953,
-4482,
-2996,
-1500,
0,
1500,
2996,
4482,
5953,
7405,
8833,
10232,
11598,
12927,
14214,
15456,
16648,
17787,
18870,
19893,
20853,
21748,
22575,
23332,
24018,
24630,
25167,
25629,
26014,
26323,
26555,
26710,
26789,
26793,
26722,
26579,
26365,
26081,
25731,
25316,
24840,
24305,
23715,
23072,
22381,
21645,
20868,
20054,
19208,
18333,
17434,
16516,
15582,
14638,
13687,
12735,
11785,
10843,
9912,
8997,
8102,
7231,
6388,
5576,
4799,
4060,
3363,
2711,
2105,
1549,
1045,
595,
200,
-138,
-418,
-640,
-802,
-905,
-948,
-932,
-858,
-727,
-539,
-296,
0,
347,
742,
1184,
1670,
2196,
2759,
3356,
3984,
4638,
5315,
6012,
6723,
7444,
8172,
8902,
9630,
10352,
11062,
11757,
12432,
13084,
13708,
14300,
14856,
15372,
15845,
16272,
16648,
16971,
17239,
17448,
17595,
17680,
17700,
17653,
17538,
17355,
17101,
16778,
16384,
15920,
15386,
14784,
14113,
13376,
12574,
11709,
10783,
9798,
8758,
7665,
6522,
5334,
4102,
2833,
1528,
193,
-1168,
-2551,
-3952,
-5364,
-6785,
-8208,
-9630,
-11046,
-12449,
-13837,
-15204,
-16544,
-17855,
-19131,
-20368,
-21561,
-22707,
-23801,
-24840,
-25821,
-26739,
-27592,
-28378,
-29093,
-29735,
-30302,
-30793,
-31206,
-31540,
-31793,
-31966,
-32058,
-32070,
-32000,
-31852,
-31624,
-31319,
-30938,
-30483,
-29956,
-29360,
-28697,
-27969,
-27181,
-26335,
-25436,
-24486,
-23490,
-22452,
-21376,
-20266,
-19128,
-17964,
-16781,
-15582,
-14373,
-13157,
-11940,
-10727,
-9521,
-8328,
-7152,
-5997,
-4867,
-3767,
-2700,
-1670,
-680,
266,
1164,
2013,
2810,
3552,
4237,
4863,
5429,
5933,
6375,
6754,
7069,
7320,
7509,
7634,
7697,
7699,
7641,
7525,
7353,
7127,
6849,
6522,
6149,
5733,
5278,
4786,
4261,
3707,
3128,
2528,
1911,
1281,
643,
0,
-643,
-1281,
-1911,
-2528,
-3128,
-3707,
-4261,
-4786,
-5278,
-5733,
-6149,
-6522,
-6849,
-7127,
-7353,
-7525,
-7641,
-7699,
-7697,
-7634,
-7509,
-7320,
-7069,
-6754,
-6375,
-5933,
-5429,
-4863,
-4237,
-3552,
-2810,
-2013,
-1164,
-266,
680,
1670,
2700,
3767,
4867,
5997,
7152,
8328,
9521,
10727,
11940,
13157,
14373,
15582,
16781,
17964,
19128,
20266,
21376,
22452,
23490,
24486,
25436,
26335,
27181,
27969,
28697,
29360,
29956,
30483,
30938,
31319,
31624,
31852,
32000,
32070,
32058,
31966,
31793,
31540,
31206,
30793,
30302,
29735,
29093,
28378,
27592,
26739,
25821,
24840,
23801,
22707,
21561,
20368,
19131,
17855,
16544,
15204,
13837,
12449,
11046,
9630,
8208,
6785,
5364,
3952,
2551,
1168,
-193,
-1528,
-2833,
-4102,
-5334,
-6522,
-7665,
-8758,
-9798,
-10783,
-11709,
-12574,
-13376,
-14113,
-14784,
-15386,
-15920,
-16384,
-16778,
-17101,
-17355,
-17538,
-17653,
-17700,
-17680,
-17595,
-17448,
-17239,
-16971,
-16648,
-16272,
-15845,
-15372,
-14856,
-14300,
-13708,
-13084,
-12432,
-11757,
-11062,
-10352,
-9630,
-8902,
-8172,
-7444,
-6723,
-6012,
-5315,
-4638,
-3984,
-3356,
-2759,
-2196,
-1670,
-1184,
-742,
-347,
0,
296,
539,
727,
858,
932,
948,
905,
802,
640,
418,
138,
-200,
-595,
-1045,
-1549,
-2105,
-2711,
-3363,
-4060,
-4799,
-5576,
-6388,
-7231,
-8102,
-8997,
-9912,
-10843,
-11785,
-12735,
-13687,
-14638,
-15582,
-16516,
-17434,
-18333,
-19208,
-20054,
-20868,
-21645,
-22381,
-23072,
-23715,
-24305,
-24840,
-25316,
-25731,
-26081,
-26365,
-26579,
-26722,
-26793,
-26789,
-26710,
-26555,
-26323,
-26014,
-25629,
-25167,
-24630,
-24018,
-23332,
-22575,
-21748,
-20853,
-19893,
-18870,
-17787,
-16648,
-15456,
-14214,
-12927,
-11598,
-10232,
-8833,
-7405,
-5953,
-4482,
-2996,
-1500,
0,
1500,
2996,
4482,
5953,
7405,
8833,
10232,
11598,
12927,
14214,
15456,
16648,
17787,
18870,
19893,
20853,
21748,
22575,
23332,
24018,
24630,
25167,
25629,
26014,
26323,
26555,
26710,
26789,
26793,
26722,
26579,
26365,
26081,
25731,
25316,
24840,
24305,
23715,
23072,
22381,
21645,
20868,
20054,
19208,
18333,
17434,
16516,
15582,
14638,
13687,
12735,
11785,
10843,
9912,
8997,
8102,
7231,
6388,
5576,
4799,
4060,
3363,
2711,
