0,
0,
-1,
-2,
-3,
-5,
-7,
-12,
-17,
-27,
-39,
-58,
-83,
-117,
-160,
-214,
-280,
-362,
-455,
-568,
-699,
-850,
-1024,
-1218,
-1432,
-1665,
-1923,
-2200,
-2485,
-2790,
-3113,
-3448,
-3782,
-4130,
-4471,
-4812,
-5160,
-5496,
-5817,
-6120,
-6405,
-6665,
-6905,
-7117,
-7303,
-7452,
-7575,
-7675,
-7737,
-7763,
-7757,
-7710,
-7633,
-7546,
-7429,
-7275,
-7092,
-6866,
-6641,
-6372,
-6094,
-5812,
-5529,
-5215,
-4903,
-4592,
-4284,
-3963,
-3644,
-3337,
-3036,
-2744,
-2469,
-2203,
-1954,
-1728,
-1529,
-1336,
-1164,
-1018,
-894,
-786,
-696,
-637,
-598,
-577,
-574,
-590,
-624,
-672,
-742,
-825,
-923,
-1032,
-1165,
-1297,
-1450,
-1606,
-1777,
-1961,
-2150,
-2355,
-2562,
-2781,
-3008,
-3241,
-3477,
-3724,
-3969,
-4223,
-4476,
-4732,
-4986,
-5235,
-5490,
-5729,
-5962,
-6193,
-6403,
-6601,
-6786,
-6950,
-7092,
-7213,
-7316,
-7388,
-7426,
-7448,
-7432,
-7380,
-7301,
-7185,
-7030,
-6834,
-6605,
-6347,
-6043,
-5713,
-5350,
-4949,
-4524,
-4058,
-3568,
-3040,
-2503,
-1931,
-1337,
-718,
-75,
583,
1257,
1954,
2661,
3381,
4111,
4858,
5608,
6362,
7120,
7888,
8645,
9409,
10164,
10914,
11641,
12360,
13063,
13762,
14421,
15066,
15676,
16262,
16807,
17305,
17757,
18181,
18550,
18864,
19117,
19330,
19485,
19575,
19593,
19555,
19441,
19260,
19035,
18737,
18374,
17931,
17456,
16908,
16323,
15701,
15020,
14311,
13548,
12765,
11925,
11080,
10214,
9318,
8415,
7511,
6615,
5727,
4841,
3974,
3103,
2271,
1466,
691,
-64,
-780,
-1466,
-2109,
-2720,
-3268,
-3773,
-4241,
-4663,
-5030,
-5350,
-5630,
-5851,
-6027,
-6163,
-6243,
-6282,
-6285,
-6239,
-6158,
-6036,
-5872,
-5676,
-5441,
-5177,
-4890,
-4570,
-4232,
-3867,
-3483,
-3089,
-2676,
-2255,
-1824,
-1384,
-942,
-498,
-47,
390,
827,
1248,
1660,
2060,
2442,
2802,
3134,
3452,
3737,
3998,
4227,
4423,
4583,
4713,
4805,
4855,
4872,
4840,
4766,
4652,
4495,
4299,
4061,
3783,
3462,
3099,
2699,
2264,
1788,
1280,
735,
157,
-452,
-1091,
-1755,
-2446,
-3159,
-3898,
-4654,
-5429,
-6222,
-7027,
-7846,
-8682,
-9519,
-10362,
-11213,
-12064,
-12913,
-13754,
-14593,
-15414,
-16228,
-17028,
-17813,
-18563,
-19290,
-19993,
-20652,
-21275,
-21851,
-22367,
-22847,
-23262,
-23629,
-23927,
-24149,
-24321,
-24416,
-24423,
-24356,
-24223,
-24004,
-23699,
-23331,
-22880,
-22329,
-21727,
-21061,
-20341,
-19541,
-18687,
-17759,
-16786,
-15746,
-14666,
-13550,
-12388,
-11193,
-9982,
-8752,
-7481,
-6207,
-4936,
-3667,
-2406,
-1156,
82,
1291,
2477,
3639,
4761,
5830,
6851,
7834,
8773,
9663,
10505,
11280,
11992,
12652,
13262,
13789,
14262,
14673,
15014,
15291,
15509,
15673,
15763,
15792,
15767,
15676,
15533,
15328,
15081,
14768,
14422,
14023,
13588,
13109,
12594,
12041,
11466,
10857,
10234,
9579,
8913,
8231,
7544,
6852,
6154,
5467,
4778,
4110,
3458,
2818,
2199,
1604,
1034,
493,
-9,
-472,
-894,
-1289,
-1634,
-1936,
-2177,
-2376,
-2527,
-2620,
-2669,
-2666,
-2614,
-2513,
-2360,
-2157,
-1904,
-1605,
-1258,
-873,
-435,
36,
551,
1103,
1692,
2312,
2959,
3637,
4339,
5063,
5816,
6578,
7357,
8145,
8946,
9758,
10565,
11377,
12185,
12981,
13768,
14544,
15298,
16035,
16747,
17427,
18079,
18697,
19267,
19799,
20271,
20699,
21071,
21384,
21635,
21827,
21945,
21997,
21973,
21863,
21687,
21424,
21086,
20685,
20219,
19661,
19039,
18335,
17569,
16720,
15816,
14842,
13818,
12743,
11607,
10432,
9221,
7960,
6663,
5350,
4013,
2659,
1300,
-85,
-1476,
-2857,
-4232,
-5592,
-6940,
-8261,
-9556,
-10805,
-12015,
-13187,
-14319,
-15407,
-16449,
-17418,
-18339,
-19198,
-19997,
-20744,
-21408,
-22005,
-22534,
-22992,
-23377,
-23695,
-23942,
-24104,
-24201,
-24220,
-24162,
-24034,
-23845,
-23567,
-23229,
-22826,
-22370,
-21854,
-21259,
-20617,
-19916,
-19181,
-18395,
-17575,
-16725,
-15844,
-14941,
-14008,
-13070,
-12105,
-11136,
-10164,
-9199,
-8230,
-7274,
-6325,
-5392,
-4485,
-3603,
-2744,
-1926,
-1166,
-441,
244,
884,
1456,
1981,
2465,
2891,
3252,
3557,
3812,
4013,
4145,
4225,
4255,
4225,
4140,
4003,
3810,
3572,
3280,
2939,
2558,
2131,
1671,
1166,
623,
59,
-545,
-1165,
-1820,
-2482,
-3175,
-3875,
-4584,
-5301,
-6022,
-6738,
-7455,
-8165,
-8861,
-9542,
-10208,
-10845,
-11455,
-12041,
-12593,
-13105,
-13573,
-14000,
-14380,
-14711,
-14983,
-15199,
-15358,
-15452,
-15480,
-15445,
-15336,
-15163,
-14915,
-14606,
-14232,
-13784,
-13273,
-12691,
-12043,
-11322,
-10552,
-9707,
-8811,
-7867,
-6857,
-5802,
-4706,
-3558,
-2384,
-1169,
72,
1338,
2632,
3945,
5272,
6599,
7934,
9273,
10602,
11920,
13230,
14517,
15774,
16998,
18195,
19355,
20473,
21549,
22577,
23552,
24470,
25325,
26114,
26832,
27485,
28072,
28563,
28986,
29340,
29593,
29772,
29853,
29858,
29785,
29605,
29347,
29013,
28604,
28118,
27565,
26913,
26195,
25412,
24566,
23634,
22650,
21608,
20528,
19400,
18237,
17045,
15826,
14577,
13311,
12033,
10748,
9460,
8176,
6894,
5655,
4436,
3233,
2058,
907,
-206,
-1254,
-2261,
-3228,
-4145,
-5014,
-5833,
-6595,
-7296,
-7942,
-8502,
-8999,
-9444,
-9813,
-10106,
-10339,
-10509,
-10619,
-10655,
-10628,
-10549,
-10409,
-10215,
-9965,
-9661,
-9311,
-8908,
-8469,
-7981,
-7466,
-6905,
-6317,
-5704,
-5066,
-4402,
-3729,
-3040,
-2337,
-1639,
-932,
-227,
466,
1154,
1821,
2475,
3100,
3701,
4277,
4811,
5313,
5770,
6186,
6562,
6877,
7147,
7354,
7504,
7594,
7630,
7600,
7513,
7361,
7144,
6876,
6531,
6133,
5668,
5149,
4567,
3924,
3236,
2491,
1694,
851,
-38,
-965,
-1937,
-2940,
-3977,
-5046,
-6135,
-7252,
-8384,
-9540,
-10694,
-11859,
-13030,
-14194,
-15351,
-16497,
-17626,
-18737,
-19829,
-20893,
-21921,
-22906,
-23863,
-24756,
-25608,
-26412,
-27140,
-27817,
-28417,
-28947,
-29411,
-29792,
-30093,
-30302,
-30439,
-30471,
-30423,
-30264,
-30026,
-29701,
-29302,
-28821,
-28234,
-27563,
-26829,
-26012,
-25096,
-24115,
-23071,
-21963,
-20766,
-19521,
-18222,
-16879,
-15500,
-14089,
-12645,
-11180,
-9697,
-8199,
-6693,
-5183,
-3710,
-2245,
-785,
653,
2068,
3455,
4785,
6081,
7332,
8547,
9710,
10800,
11839,
12818,
13738,
14597,
15390,
16109,
16766,
17347,
17841,
18267,
18621,
18902,
19094,
19218,
19275,
19265,
19178,
19020,
18802,
18521,
18176,
17780,
17329,
16825,
16262,
15652,
15004,
14319,
13599,
12845,
12071,
11269,
10458,
9637,
8804,
7966,
7136,
6308,
5487,
4677,
3892,
3130,
2394,
1682,
1014,
383,
-209,
-759,
-1264,
-1719,
-2125,
-2459,
-2740,
-2967,
-3127,
-3227,
-3274,
-3253,
-3173,
-3037,
-2839,
-2576,
-2262,
-1888,
-1453,
-968,
-433,
148,
780,
1456,
2171,
2931,
3722,
4547,
5404,
6278,
7183,
8104,
9041,
9989,
10940,
11902,
12854,
13809,
14754,
15676,
16589,
17478,
18345,
19171,
19964,
20719,
21429,
22085,
22701,
23253,
23745,
24166,
24529,
24824,
25031,
25164,
25214,
25181,
25073,
24888,
24629,
24266,
23825,
23291,
22677,
21991,
21213,
20360,
19437,
18454,
17381,
16246,
15066,
13828,
12538,
11188,
9802,
8379,
6925,
5441,
3948,
2428,
904,
-630,
-2160,
-3686,
-5198,
-6686,
-8156,
-9593,
-11003,
-12384,
-13720,
-15009,
-16242,
-17429,
-18560,
-19634,
-20628,
-21561,
-22426,
-23226,
-23934,
-24574,
-25138,
-25627,
-26021,
-26338,
-26575,
-26736,
-26800,
-26790,
-26698,
-26530,
-26282,
-25971,
-25580,
-25122,
-24598,
-24013,
-23368,
-22668,
-21915,
-21113,
-20267,
-19379,
-18456,
-17502,
-16517,
-15507,
-14480,
-13437,
-12385,
-11327,
-10275,
-9217,
-8177,
-7149,
-6139,
-5149,
-4186,
-3257,
-2388,
