0,
-1500,
-2995,
-4480,
-5950,
-7400,
-8826,
-10220,
-11581,
-12900,
-14175,
-15398,
-16565,
-17670,
-18710,
-19679,
-20573,
-21386,
-22120,
-22764,
-23319,
-23780,
-24143,
-24411,
-24582,
-24658,
-24632,
-24510,
-24304,
-24003,
-23609,
-23131,
-22583,
-21951,
-21260,
-20504,
-19680,
-18809,
-17898,
-16952,
-15976,
-14980,
-13963,
-12937,
-11905,
-10881,
-9859,
-8841,
-7845,
-6875,
-5930,
-5025,
-4152,
-3297,
-2483,
-1722,
-1010,
-365,
253,
796,
1295,
1752,
2166,
2504,
2798,
3043,
3239,
3368,
3444,
3475,
3454,
3384,
3271,
3108,
2902,
2660,
2387,
2063,
1703,
1314,
894,
439,
-46,
-547,
-1072,
-1619,
-2185,
-2766,
-3360,
-3966,
-4573,
-5187,
-5800,
-6412,
-7007,
-7605,
-8180,
-8746,
-9285,
-9796,
-10282,
-10729,
-11146,
-11519,
-11848,
-12131,
-12368,
-12548,
-12679,
-12748,
-12763,
-12716,
-12609,
-12445,
-12210,
-11924,
-11576,
-11162,
-10698,
-10177,
-9598,
-8970,
-8294,
-7571,
-6797,
-5988,
-5148,
-4261,
-3351,
-2418,
-1457,
-480,
508,
1500,
2503,
3514,
4515,
5520,
6518,
7500,
8476,
9422,
10353,
11248,
12133,
12977,
13786,
14555,
15279,
15961,
16598,
17177,
17707,
18180,
18596,
18943,
19232,
19459,
19619,
19704,
19733,
19684,
19571,
19388,
19152,
18846,
18477,
18031,
17545,
16992,
16394,
15738,
15045,
14319,
13562,
12757,
11933,
11092,
10243,
9367,
8484,
7606,
6742,
5881,
5045,
4230,
3417,
2639,
1892,
1197,
508,
-127,
-741,
-1328,
-1863,
-2371,
-2821,
-3244,
-3597,
-3928,
-4217,
-4451,
-4648,
-4811,
-4945,
-5047,
-5107,
-5138,
-5116,
-5081,
-5018,
-4928,
-4799,
-4649,
-4467,
-4266,
-4034,
-3801,
-3547,
-3268,
-2971,
-2667,
-2349,
-2011,
-1674,
-1326,
-964,
-606,
-240,
136,
506,
880,
1250,
1611,
1969,
2313,
2649,
2979,
3289,
3589,
3867,
4126,
4370,
4587,
4783,
4952,
5091,
5203,
5284,
5325,
5343,
5322,
5274,
5189,
5067,
4911,
4723,
4507,
4247,
3960,
3636,
3282,
2897,
2486,
2041,
1570,
1078,
557,
23,
-529,
-1100,
-1685,
-2286,
-2897,
-3517,
-4142,
-4769,
-5399,
-6031,
-6655,
-7277,
-7887,
-8485,
-9069,
-9636,
-10185,
-10711,
-11214,
-11684,
-12127,
-12535,
-12906,
-13239,
-13530,
-13770,
-13971,
-14124,
-14223,
-14271,
-14268,
-14215,
-14104,
-13946,
-13728,
-13455,
-13125,
-12756,
-12334,
-11859,
-11348,
-10795,
-10207,
-9599,
-8946,
-8278,
-7577,
-6866,
-6153,
-5414,
-4677,
-3955,
-3236,
-2516,
-1817,
-1141,
-470,
173,
768,
1359,
1930,
2486,
2997,
3483,
3922,
4337,
4700,
5036,
5342,
5603,
5829,
6030,
6201,
6313,
6400,
6464,
6500,
6508,
6490,
6440,
6374,
6281,
6159,
6022,
5879,
5723,
5542,
5340,
5121,
4881,
4640,
4392,
4126,
3839,
3566,
3276,
2980,
2686,
2389,
2086,
1775,
1476,
1179,
881,
596,
312,
44,
-225,
-468,
-714,
-939,
-1156,
-1352,
-1532,
-1689,
-1836,
-1955,
-2062,
-2135,
-2190,
-2219,
-2229,
-2214,
-2170,
-2111,
-2019,
-1914,
-1788,
-1634,
-1457,
-1257,
-1034,
-789,
-530,
-255,
36,
357,
686,
1031,
1375,
1736,
2109,
2482,
2869,
3261,
3659,
4062,
4465,
4868,
5267,
5665,
6057,
6449,
6823,
7195,
7551,
7894,
8220,
8531,
8826,
9098,
9348,
9575,
9766,
9938,
10077,
10188,
10262,
10296,
10303,
10268,
10196,
10091,
9947,
9761,
9542,
9281,
8984,
8654,
8286,
7882,
7455,
6994,
6518,
6011,
5484,
4939,
4379,
3802,
3222,
2633,
2045,
1469,
888,
324,
-233,
-792,
-1349,
-1874,
-2391,
-2879,
-3355,
-3793,
-4218,
-4610,
-4985,
-5338,
-5654,
-5950,
-6225,
-6460,
-6663,
-6850,
-7009,
-7141,
-7253,
-7320,
-7357,
-7375,
-7366,
-7335,
-7274,
-7195,
-7092,
-6982,
-6855,
-6706,
-6534,
-6341,
-6126,
-5914,
-5679,
-5432,
-5170,
-4885,
-4606,
-4318,
-4021,
-3718,
-3412,
-3098,
-2780,
-2475,
-2164,
-1861,
-1569,
-1282,
-995,
-738,
-486,
-246,
-11,
209,
391,
563,
708,
848,
961,
1059,
1143,
1206,
1254,
1273,
1285,
1262,
1224,
1167,
1097,
999,
886,
749,
593,
425,
240,
33,
-179,
-383,
-604,
-839,
-1084,
-1318,
-1563,
-1825,
-2089,
-2347,
-2609,
-2880,
-3155,
-3418,
-3686,
-3959,
-4225,
-4487,
-4745,
-4994,
-5242,
-5476,
-5698,
-5914,
-6115,
-6309,
-6481,
-6635,
-6782,
-6899,
-7007,
-7082,
-7148,
-7177,
-7187,
-7173,
-7131,
-7062,
-6970,
-6845,
-6691,
-6511,
-6303,
-6064,
-5803,
-5516,
-5198,
-4855,
-4490,
-4107,
-3700,
-3273,
-2827,
-2372,
-1902,
-1420,
-932,
-440,
59,
552,
1050,
1539,
2032,
2523,
3001,
3475,
3933,
4378,
4800,
5218,
5605,
5978,
6339,
6664,
6970,
7257,
7510,
7748,
7954,
8136,
8292,
8414,
8504,
8565,
8605,
8610,
8582,
8529,
8448,
8331,
8190,
8027,
7842,
7626,
7384,
7119,
6829,
6516,
6183,
5832,
5468,
5092,
4708,
4308,
3894,
3495,
3084,
2660,
2259,
1852,
1466,
1080,
698,
351,
13,
-316,
-635,
-937,
-1230,
-1477,
-1709,
-1922,
-2114,
-2258,
-2384,
-2480,
-2564,
-2619,
-2655,
-2672,
-2669,
-2637,
-2584,
-2512,
-2420,
-2308,
-2179,
-2027,
-1888,
-1736,
-1563,
-1378,
-1173,
-958,
-759,
-549,
-324,
-92,
151,
404,
662,
921,
1188,
1433,
1679,
1935,
2179,
2409,
2640,
2868,
3094,
3302,
3501,
3700,
3887,
4066,
4232,
4383,
4525,
4647,
4762,
4853,
4938,
4994,
5036,
5061,
5066,
5045,
5010,
4951,
4865,
4767,
4639,
4488,
4320,
4124,
3912,
3674,
3422,
3148,
2850,
2542,
2212,
1871,
1513,
1135,
757,
362,
-34,
-435,
-840,
-1255,
-1667,
-2084,
-2498,
-2907,
-3324,
-3721,
-4120,
-4504,
-4883,
-5247,
-5594,
-5936,
-6258,
-6561,
-6848,
-7114,
-7363,
-7584,
-7787,
-7963,
-8111,
-8238,
-8330,
-8397,
-8424,
-8434,
-8407,
-8346,
-8258,
-8139,
-7989,
-7810,
-7598,
-7352,
-7076,
-6776,
-6454,
-6093,
-5727,
-5330,
-4907,
-4484,
-4035,
-3583,
-3123,
-2647,
-2174,
-1700,
-1238,
-767,
-322,
121,
529,
933,
1323,
1710,
2082,
2413,
2723,
3028,
3305,
3535,
3747,
3940,
4108,
4222,
4317,
4385,
4430,
4454,
4459,
4437,
4395,
4333,
4247,
4142,
4015,
3903,
3773,
3618,
3449,
3266,
3067,
2880,
2677,
2466,
2236,
1999,
1774,
1537,
1295,
1046,
789,
530,
275,
12,
-246,
-486,
-729,
-968,
-1202,
-1414,
-1623,
-1827,
-2026,
-2207,
-2372,
-2530,
-2676,
-2804,
-2924,
-3029,
-3117,
-3178,
-3220,
-3247,
-3257,
-3247,
-3215,
-3169,
-3097,
-3014,
-2914,
-2792,
-2651,
-2498,
-2324,
-2131,
-1918,
-1696,
-1460,
-1210,
-940,
-667,
-383,
-87,
220,
537,
861,
1193,
1511,
1835,
2165,
2487,
2809,
3136,
3453,
3768,
4082,
4388,
4681,
4973,
5251,
5513,
5767,
6009,
6240,
6451,
6646,
6826,
6981,
7121,
7238,
7331,
7409,
7455,
7478,
7475,
7445,
7393,
7306,
7200,
7059,
6891,
6705,
6483,
6237,
5960,
5669,
5352,
5012,
4652,
4280,
3878,
3469,
3048,
2623,
2181,
1731,
1292,
850,
415,
-14,
-443,
-870,
-1297,
-1691,
-2077,
-2438,
-2784,
-3121,
-3426,
-3712,
-3981,
-4240,
-4454,
-4648,
-4834,
-4995,
-5133,
-5235,
-5320,
-5383,
-5425,
-5441,
-5448,
-5424,
-5386,
-5323,
-5245,
-5147,
-5034,
-4912,
-4771,
-4621,
-4453,
-4264,
-4067,
-3861,
-3651,
-3424,
-3188,
-2941,
-2704,
-2457,
-2204,
-1941,
-1695,
-1440,
-1185,
-928,
-689,
-451,
-218,
14,
221,
425,
617,
799,
966,
1131,
1275,
1407,
1526,
1632,
1723,
1800,
1861,
1905,
1934,
1945,
1940,
1920,
1879,
1820,
1745,
1652,
1542,
1415,
1278,
1115,
946,
761,
563,
350,
126,
-106,
-323,
