22938,
22936,
22929,
22918,
22901,
22878,
22848,
22812,
22767,
22714,
22652,
22581,
22499,
22406,
22301,
22184,
22053,
21909,
21751,
21577,
21387,
21181,
20957,
20715,
20454,
20174,
19873,
19552,
19209,
18845,
18457,
18047,
17612,
17154,
16671,
16163,
15629,
15071,
14486,
13875,
13238,
12576,
11887,
11172,
10432,
9667,
8877,
8063,
7225,
6365,
5482,
4579,
3656,
2715,
1757,
783,
-204,
-1204,
-2213,
-3231,
-4254,
-5280,
-6308,
-7333,
-8354,
-9368,
-10371,
-11361,
-12334,
-13286,
-14215,
-15117,
-15988,
-16825,
-17624,
-18382,
-19094,
-19756,
-20367,
-20920,
-21414,
-21845,
-22208,
-22502,
-22723,
-22867,
-22933,
-22919,
-22821,
-22638,
-22368,
-22010,
-21564,
-21029,
-20404,
-19691,
-18890,
-18002,
-17029,
-15974,
-14840,
-13629,
-12346,
-10995,
-9581,
-8110,
-6589,
-5023,
-3419,
-1786,
-131,
1536,
3208,
4875,
6527,
8154,
9747,
11296,
12789,
14217,
15570,
16838,
18010,
19078,
20032,
20864,
21565,
22129,
22549,
22819,
22934,
22890,
22684,
22315,
21783,
21088,
20232,
19219,
18054,
16742,
15292,
13713,
12015,
10209,
8310,
6330,
4286,
2193,
69,
-2068,
-4198,
-6304,
-8366,
-10363,
-12276,
-14086,
-15774,
-17322,
-18711,
-19927,
-20955,
-21779,
-22391,
-22778,
-22934,
-22854,
-22535,
-21975,
-21178,
-20148,
-18893,
-17423,
-15752,
-13895,
-11871,
-9701,
-7407,
-5015,
-2552,
-46,
2472,
4973,
7425,
9796,
12056,
14175,
16122,
17870,
19394,
20670,
21678,
22400,
22822,
22934,
22732,
22212,
21378,
20238,
18804,
17092,
15124,
12925,
10525,
7957,
5258,
2468,
-373,
-3220,
-6029,
-8756,
-11355,
-13783,
-15999,
-17964,
-19642,
-21002,
-22017,
-22665,
-22931,
-22806,
-22286,
-21377,
-20088,
-18440,
-16455,
-14167,
-11613,
-8837,
-5887,
-2817,
319,
3461,
6549,
9524,
12327,
14900,
17192,
19153,
20740,
21917,
22655,
22935,
22746,
22086,
20963,
19396,
17414,
15054,
12361,
9392,
6208,
2876,
-531,
-3939,
-7271,
-10451,
-13405,
-16062,
-18358,
-20236,
-21647,
-22553,
-22928,
-22756,
-22037,
-20781,
-19015,
-16775,
-14113,
-11091,
-7780,
-4262,
-624,
3042,
6642,
10082,
13270,
16120,
18554,
20501,
21906,
22724,
22928,
22506,
21464,
19825,
17627,
14929,
11800,
8326,
4604,
737,
-3164,
-6984,
-10612,
-13937,
-16860,
-19288,
-21143,
-22365,
-22910,
-22755,
-21899,
-20361,
-18183,
-15428,
-12178,
-8532,
-4601,
-512,
3607,
7620,
11396,
14808,
17739,
20088,
21771,
22725,
22911,
22316,
20955,
18866,
16117,
12797,
9019,
4911,
618,
-3710,
-7917,
-11849,
-15362,
-18324,
-20621,
-22163,
-22885,
-22755,
-21770,
-19960,
-17387,
-14143,
-10347,
-6141,
-1685,
2848,
7282,
11440,
15156,
18277,
20673,
22243,
22914,
22654,
21465,
19389,
16505,
12926,
8797,
4288,
-415,
-5112,
-9603,
-13693,
-17202,
-19974,
-21882,
-22835,
-22784,
-21724,
-19694,
-16778,
-13100,
-8821,
-4130,
761,
5629,
10250,
14407,
17903,
20570,
22275,
22932,
22500,
20993,
18475,
15061,
10908,
6214,
1205,
-3876,
-8777,
-13254,
-17080,
-20060,
-22036,
-22902,
-22605,
-21153,
-18612,
-15105,
-10807,
-5937,
-744,
4499,
9517,
14042,
17829,
20670,
22405,
22934,
22219,
20291,
17246,
13246,
8504,
3279,
-2141,
-7453,
-12357,
-16573,
-19856,
-22014,
-22915,
-22498,
-20779,
-17849,
-13870,
-9070,
-3726,
1851,
7329,
12382,
16704,
20031,
22153,
22935,
22320,
20337,
17099,
12798,
7693,
2099,
-3639,
-9160,
-14114,
-18185,
-21106,
-22685,
-22810,
-21465,
-18728,
-14768,
-9835,
-4248,
1631,
7414,
12716,
17182,
20507,
22460,
22901,
21792,
19197,
15285,
10317,
4628,
-1393,
-7328,
-12765,
-17318,
-20664,
-22557,
-22855,
-21528,
-18660,
-14449,
-9188,
-3253,
2930,
8912,
14252,
18557,
21501,
22859,
22521,
20501,
16942,
12102,
6339,
84,
-6189,
-12001,
-16904,
-20515,
-22547,
-22835,
-21344,
-18183,
-13589,
-7916,
-1606,
4842,
10917,
16130,
20058,
22377,
22891,
21546,
18444,
13827,
8067,
1631,
-4951,
-11134,
-16401,
-20305,
-22512,
-22826,
-21210,
-17791,
-12850,
-6802,
-159,
6510,
12627,
17660,
21165,
22825,
22487,
20169,
16066,
10530,
4048,
-2806,
-9422,
-15201,
-19619,
-22267,
-22896,
-21437,
-18014,
-12930,
-6645,
265,
7162,
13405,
18404,
21686,
22931,
22013,
19006,
14186,
8004,
1045,
-6027,
-12529,
-17829,
-21407,
-22904,
-22165,
-19250,
-14435,
-8186,
-1116,
6077,
12676,
18016,
21555,
22927,
21983,
18806,
13709,
7203,
-51,
-7312,
-13830,
-18927,
-22067,
-22911,
-21362,
-17569,
-11921,
-5005,
2452,
9660,
15850,
20354,
22680,
22568,
20017,
15293,
8899,
1524,
-6029,
-12933,
-18422,
-21885,
-22927,
-21421,
-17523,
-11658,
-4475,
3223,
10569,
16728,
20995,
22873,
22137,
18859,
13405,
6393,
-1369,
-8984,
-15563,
-20332,
-22723,
-22443,
-19513,
-14269,
-7321,
509,
8290,
15089,
20083,
22663,
22504,
19614,
14332,
7292,
-651,
-8526,
-15362,
-20309,
-22746,
-22358,
-19181,
-13600,
-6304,
1795,
9680,
16351,
20955,
22896,
21916,
18127,
12003,
4323,
-3927,
-11679,
-17924,
-21840,
-22905,
-20967,
-16268,
-9416,
-1308,
6985,
14360,
19829,
22650,
22434,
19196,
13362,
5709,
-2729,
-10807,
-17421,
-21656,
-22922,
-21031,
-16231,
-9175,
-834,
7634,
15047,
20361,
22820,
22066,
18191,
11732,
3597,
-5062,
-13009,
-19102,
-22457,
-22579,
-19436,
-13472,
-5541,
3208,
11500,
18117,
22080,
22793,
20138,
14495,
6690,
-2123,
-10630,
-17555,
-21851,
-22861,
-20418,
-14878,
-7071,
1824,
10451,
17489,
21850,
22853,
20328,
14653,
6696,
-2314,
-10974,
-17928,
-22078,
-22759,
-19852,
-13800,
-5553,
3588,
12169,
18815,
22454,
22489,
18901,
12254,
3615,
-5623,
-13957,
-20022,
-22818,
-21873,
-17327,
-9918,
-858,
8354,
16190,
21336,
22923,
20671,
14943,
6692,
-2699,
-11645,
-18626,
-22445,
-22440,
-18597,
-11561,
-2528,
6951,
15241,
20901,
22937,
20983,
15364,
7049,
-2512,
-11643,
-18732,
-22518,
-22319,
-18154,
-10752,
-1421,
8176,
16317,
21532,
22871,
20077,
13641,
4719,
-5073,
-13950,
-20284,
-22904,
-21315,
-15793,
-7346,
2472,
11843,
19019,
22653,
22053,
17316,
9318,
-446,
-10137,
-17919,
-22308,
-22457,
-18321,
-10677,
-978,
8921,
17112,
22009,
22651,
18900,
11469,
1793,
-8243,
-16677,
-21845,
-22721,
-19115,
-11725,
-2003,
8128,
16651,
21860,
22702,
18991,
11458,
1608,
-8578,
-17038,
-22050,
-22583,
-18513,
-10655,
-606,
9579,
17803,
22365,
22308,
17629,
9283,
-1004,
-11093,
-18873,
-22705,
-21772,
-16253,
-7297,
3211,
13050,
20127,
22924,
20831,
14278,
4657,
-5976,
-15333,
-21389,
-22823,
-19309,
-11593,
-1344,
9209,
17759,
22422,
22161,
17017,
8110,
-2601,
-12746,
-20069,
-22928,
-20671,
-13785,
-3801,
7048,
16321,
21918,
22562,
18090,
9502,
-1259,
-11744,
-19553,
-22887,
-20965,
-14214,
-4175,
6839,
16280,
21948,
22513,
17826,
8966,
-2004,
-12514,
-20090,
-22936,
-20363,
-12965,
-2481,
8603,
17647,
22485,
21944,
16137,
6445,
-4810,
-14915,
-21421,
-22738,
-18531,
-9807,
1319,
12134,
19985,
22936,
20245,
12557,
1759,
-9486,
-18387,
-22724,
-21401,
-14732,
-4369,
7100,
16796,
22270,
22130,
16392,
6494,
-5062,
-15342,
-21719,
-22552,
-17610,
-8146,
3423,
14120,
21182,
22771,
18457,
9344,
-2209,
-13198,
-20747,
-22869,
-18991,
-10115,
1435,
12617,
20472,
22905,
19256,
10477,
-1105,
-12402,
-20389,
-22911,
-19275,
-10441,
1219,
12561,
20508,
22892,
19048,
10006,
-1779,
-13087,
-20816,
-22829,
-18557,
-9159,
2780,
13960,
21274,
22677,
17761,
7880,
-4215,
-15140,
-21821,
-22366,
-16603,
-6144,
6065,
16564,
22364,
21800,
15015,
3930,
-8290,
-18142,
-22785,
-20867,
-12923,
-1233,
10824,
19749,
22936,
19440,
10263,
-1926,
-13560,
-21221,
-22644,
-17390,
-6994,
5482,
16343,
22357,
21720,
14605,
3118,
-9312,
-18959,
-22917,
-19977,
-11008,
1296,
13219,
21141,
22644,
17251,
6591,
-6094,
-16923,
-22569,
-21281,
-13438,
-1442,
11011,
20063,
22898,
18617,
8533,
-4222,
-15667,
-22216,
-21799,
-14529,
-2677,
10029,
19576,
22932,
19015,
9050,
-3805,
-15456,
-22178,
-21804,
-14435,
-2421,
10382,
19847,
22907,
18554,
8180,
-4860,
-16329,
-22483,
-21298,
-13141,
-669,
12032,
20785,
22694,
17110,
5861,
-7340,
-18114,
-22873,
-20014,
-10472,
2580,
14778,
22026,
21875,
14357,
1988,
-11062,
-20378,
-22788,
-17457,
-6180,
7214,
18155,
22891,
19784,
9880,
-3431,
-15570,
-22343,
-21394,
-13033,
-141,
12810,
21309,
22381,
15632,
3404,
-10027,
-19946,
-22853,
-17705,
-6301,
7342,
18393,
22923,
19305,
8807,
-4842,
-16771,
-22704,
-20497,
-10924,
2589,
15178,
22296,
21352,
12670,
-619,
-13693,
-21789,
-21940,
-14072,
-1046,
12374,
21258,
22326,
15164,
2398,
-11266,
-20765,
-22565,
-15978,
-3435,
10398,
20357,
22704,
16541,
4162,
-9792,
-20067,
-22776,
-16876,
-4581,
9461,
19918,
22803,
16997,
4696,
-9411,
-19922,
-22795,
-16909,
-4507,
9642,
20077,
22750,
16608,
4014,
-10151,
-20372,
-22652,
-16082,
-3212,
10926,
20785,
22474,
15310,
2099,
-11952,
-21280,
-22176,
-14264,
-671,
13200,
21811,
21709,
12913,
-1069,
-14632,
-22316,
-21011,
-11223,
3110,
16194,
22718,
20016,
9166,
-5428,
-17816,
-22927,
-18652,
-6722,
7979,
19406,
22842,
16850,
3886,
-10697,
-20852,
-22351,
-14549,
-678,
13486,
22021,
21339,
11707,
-2851,
-16219,
-22761,
-19700,
-8308,
6610,
18735,
22910,
17342,
4381,
-10459,
-20838,
-22304,
-14208,
-4,
14211,
22314,
20795,
10290,
-4676,
-17625,
-22932,
-18271,
-5651,
9442,
20421,
22474,
14680,
440,
-14004,
-22293,
-20759,
-10059,
5097,
18006,
22936,
17680,
4554,
-10610,
-21049,
-22087,
-13238,
1551,
15654,
22727,
19568,
7582,
-7838,
-19722,
-22677,
-15344,
-1032,
13759,
22288,
20646,
9564,
-5905,
-18676,
-22878,
-16559,
-2608,
12556,
21928,
21159,
10584,
-4910,
-18132,
-22922,
-17029,
-3181,
12162,
21821,
21252,
10701,
-4890,
-18187,
-22913,
-16817,
-2760,
12614,
22012,
20955,
9923,
-5845,
-18833,
-22826,
-15894,
-1338,
13871,
22419,
20176,
8203,
-7740,
-19950,
-22504,
-14143,
1093,
15807,
22829,
18717,
5458,
-10480,
-21293,
-21663,
-11388,
4498,
18178,
22893,
16297,
1629,
-13855,
-22471,
-19921,
-7453,
8739,
20578,
22135,
12611,
-3243,
-17477,
-22933,
-16844,
-2257,
13478,
22407,
19994,
7440,
-8900,
-20724,
-22000,
-12056,
4051,
18096,
22881,
15933,
798,
-14757,
-22720,
-18969,
-5418,
10944,
21647,
21128,
9635,
-6877,
-19816,
-22428,
-13326,
2751,
17397,
22926,
16417,
1269,
-14556,
-22713,
-18879,
-5058,
11451,
21896,
20718,
8522,
-8220,
-20588,
-21969,
-11602,
4983,
18906,
22685,
14269,
-1836,
-16959,
-22935,
-16515,
-1149,
14848,
22794,
18354,
3920,
-12659,
-22337,
-19812,
-6443,
10466,
21640,
20929,
8700,
-8329,
-20773,
-21746,
-10688,
6297,
19799,
22309,
12412,
-4404,
-18774,
-22666,
-13885,
2677,
17747,
22860,
15124,
-1132,
-16758,
-22934,
-16149,
-220,
15842,
22923,
16982,
1374,
-15025,
-22861,
-17641,
-2327,
14328,
22775,
18146,
3080,
-13768,
-22687,
-18513,
-3634,
13356,
22614,
18753,
3991,
-13101,
-22569,
-18875,
-4152,
13007,
22557,
18883,
4118,
-13077,
-22581,
-18778,
-3889,
13308,
22637,
18557,
3463,
-13696,
-22717,
-18210,
-2840,
14234,
22806,
17727,
2018,
-14911,
-22886,
-17092,
-995,
15711,
22934,
16287,
-228,
-16614,
-22919,
-15292,
1649,
17594,
22808,
14087,
-3259,
-18617,
-22562,
-12651,
5046,
19645,
22139,
10966,
-6991,
-20631,
-21492,
-9019,
9064,
21518,
20576,
6802,
-11226,
-22245,
-19345,
-4319,
13425,
22743,
17758,
1584,
-15597,
-22937,
-15779,
1371,
17661,
22751,
13387,
-4498,
-19528,
-22110,
-10575,
7727,
21092,
20944,
7356,
-10966,
-22242,
-19197,
-3770,
14099,
22862,
16831,
-111,
-16990,
-22838,
-13834,
4185,
19483,
22069,
10230,
-8310,
-21414,
-20475,
-6087,
12312,
22613,
18010,
1517,
-15986,
-22921,
-14674,
3310,
19104,
22204,
10524,
-8176,
-21429,
-20372,
-5687,
12814,
22731,
17393,
362,
-16921,
-22812,
-13317,
5177,
20178,
21527,
8285,
-10586,
-22273,
-18814,
-2541,
15473,
22932,
14721,
-3567,
-19421,
-21960,
-9420,
9603,
22024,
19273,
3221,
-15063,
-22937,
-14933,
3428,
19418,
21922,
9175,
-9968,
-22169,
-18897,
-2415,
15765,
22908,
13985,
-4764,
-20172,
-21387,
-7530,
11646,
22604,
17582,
108,
-17450,
-22632,
-11736,
7514,
21421,
20061,
4381,
-14438,
-22934,
-15007,
3686,
19741,
21614,
7933,
-11469,
-22607,
-17426,
356,
17888,
22466,
10748,
-8781,
-21934,
-19127,
-2379,
16112,
22842,
12872,
-6527,
-21150,
-20260,
-4486,
14594,
22937,
14377,
-4797,
-20435,
-20965,
-5971,
13456,
22905,
15340,
-3639,
-19916,
-21353,
-6853,
12773,
22854,
15823,
-3073,
-19671,
-21495,
-7150,
12586,
22841,
15861,
-3108,
-19734,
-21422,
-6869,
12903,
22879,
15455,
-3743,
-20095,
-21117,
-6003,
13709,
22931,
14577,
-4969,
-20705,
-20521,
-4535,
14954,
22910,
13169,
-6762,
-21465,
-19535,
-2445,
16552,
22684,
11157,
-9072,
-22230,
-18028,
273,
18369,
22075,
8463,
-11801,
-22795,
-15850,
3588,
20204,
20870,
5037,
-14789,
-22906,
-12857,
7404,
21789,
18840,
882,
-17787,
-22263,
-8948,
11532,
22784,
15772,
-3902,
-20449,
-20553,
-4106,
15657,
22793,
11518,
-9077,
-22331,
-17492,
1541,
19330,
21409,
6063,
-14229,
-22923,
-12903,
7669,
21973,
18283,
-401,
-18763,
-21713,
-6802,
13717,
22936,
13230,
-7410,
-21929,
-18299,
499,
18890,
21600,
6353,
-14188,
-22915,
-12534,
8316,
22224,
17543,
-1833,
-19679,
-21016,
-4696,
15580,
22746,
10744,
-10328,
-22684,
-15867,
4382,
20926,
19729,
1781,
-17687,
-22115,
-7710,
13273,
22937,
13009,
-8048,
-22223,
-17360,
2398,
20103,
20534,
3296,
-16788,
-22404,
-8683,
12546,
22931,
13465,
-7674,
-22163,
-17409,
2483,
20221,
20350,
2732,
-17277,
-22196,
-7700,
13543,
22923,
12193,
-9250,
-22569,
-16029,
4635,
21219,
19077,
76,
-18999,
-21258,
-4675,
16062,
22540,
8981,
-12576,
-22937,
-12847,
8714,
22497,
16162,
-4646,
-21297,
-18847,
530,
19438,
20861,
3493,
-17030,
-22190,
-7303,
14193,
22849,
10801,
-11048,
-22873,
-13913,
7708,
22317,
16587,
-4282,
-21247,
-18790,
865,
19734,
20513,
2462,
-17858,
-21759,
-5628,
15695,
22547,
8580,
-13322,
-22906,
-11278,
10809,
22873,
13695,
-8220,
-22492,
-15815,
5613,
21808,
17632,
-3036,
-20869,
-19152,
532,
19722,
20383,
1869,
-18412,
-21344,
-4139,
16982,
22055,
6260,
-15470,
-22540,
-8221,
13912,
22824,
10016,
-12339,
-22934,
-11641,
10778,
22897,
13100,
-9253,
-22738,
-14398,
7782,
22483,
15541,
-6381,
-22155,
-16541,
5062,
21775,
17406,
-3836,
-21363,
-18149,
2709,
20937,
18780,
-1686,
-20514,
-19311,
772,
20106,
19752,
33,
-19725,
-20113,
-726,
19382,
20403,
1307,
-19086,
-20630,
-1776,
18842,
20800,
2133,
-18657,
-20918,
-2379,
18534,
20989,
2514,
-18476,
-21013,
-2538,
18484,
20993,
2451,
-18557,
-20928,
-2254,
18695,
20814,
1945,
-18894,
-20650,
-1524,
19150,
20429,
992,
-19458,
-20146,
-348,
19810,
19792,
-409,
-20198,
-19360,
1275,
20611,
18838,
-2251,
-21037,
-18218,
3334,
21461,
17487,
-4518,
-21867,
-16634,
5797,
22236,
15649,
-7164,
-22550,
-14520,
8606,
22785,
13238,
-10110,
-22917,
-11796,
11658,
22923,
10187,
-13229,
-22774,
-8410,
14797,
22446,
6466,
-16333,
-21911,
-4360,
17803,
21144,
2104,
-19171,
-20122,
284,
20394,
18825,
-2779,
-21429,
-17237,
5350,
22230,
15349,
-7957,
-22748,
-13160,
10550,
22937,
10676,
-13074,
-22753,
-7916,
15464,
22156,
4910,
-17651,
-21112,
-1701,
19560,
19598,
-1653,
-21113,
-17603,
5081,
22232,
15131,
-8496,
-22843,
-12204,
11800,
22879,
8866,
-14884,
-22286,
-5181,
17632,
21026,
1236,
-19923,
-19082,
2856,
21639,
16463,
-6963,
-22670,
-13209,
10934,
22922,
9394,
-14605,
-22322,
-5126,
17801,
20831,
549,
-20353,
-18444,
4159,
22098,
15204,
-8795,
-22898,
-11202,
13131,
22648,
6581,
-16932,
-21289,
-1533,
19966,
18816,
-3702,
-22018,
-15292,
8846,
22910,
10850,
-13599,
-22518,
-5692,
17652,
20784,
91,
-20711,
-17737,
5623,
22521,
13496,
-11081,
-22886,
-8280,
15894,
21699,
2398,
-19685,
-18957,
3762,
22119,
14779,
-9751,
-22937,
-9406,
15095,
21988,
3204,
-19330,
-19256,
3363,
22047,
14879,
-9756,
-22935,
-9152,
15404,
21825,
2522,
-19760,
-18718,
4443,
22355,
13812,
-11095,
-22853,
-7497,
16766,
21108,
342,
-20836,
-17193,
6954,
22807,
11421,
-13621,
-22372,
-4336,
18901,
19473,
-3330,
-22138,
-14332,
10723,
22869,
7452,
-16958,
-20900,
411,
21230,
16358,
-8329,
-22925,
-9709,
15300,
21721,
1725,
-20375,
-17658,
6590,
22802,
11171,
-14116,
-22142,
-3062,
19773,
18368,
-5579,
-22679,
-11905,
13517,
22303,
3609,
-19540,
-18578,
5331,
22655,
11954,
-13551,
-22269,
-3372,
19715,
18317,
-5853,
-22746,
-11320,
14215,
22027,
2347,
-20269,
-17550,
7128,
22886,
9967,
-15456,
-21484,
-525,
21098,
16181,
-9113,
-22927,
-7829,
17155,
20473,
-2090,
-22014,
-14068,
11707,
22640,
4839,
-19112,
-18772,
5451,
22739,
11055,
-14730,
-21720,
-969,
21025,
16127,
-9420,
-22902,
-7019,
17875,
19816,
-3713,
-22471,
-12304,
13717,
22057,
1937,
-20689,
-16580,
8975,
22918,
7175,
-17873,
-19736,
4027,
22562,
11759,
-14351,
-21774,
-815,
21211,
15549,
-10430,
-22776,
-5320,
19107,
18496,
-6375,
-22883,
-9334,
16489,
20622,
-2398,
-22263,
-12773,
13576,
21999,
1346,
-21092,
-15612,
10552,
22731,
4751,
-19541,
-17869,
7568,
22937,
7758,
-17765,
-19595,
4734,
22743,
10347,
-15897,
-20858,
2132,
22267,
12520,
-14045,
-21736,
-189,
21616,
14303,
-12296,
-22309,
-2200,
20886,
15731,
-10715,
-22654,
-3890,
20154,
16844,
-9349,
-22836,
-5257,
19483,
17680,
-8232,
-22915,
-6307,
18924,
18277,
-7386,
-22937,
-7049,
18511,
18664,
-6825,
-22935,
-7492,
18270,
18861,
-6557,
-22930,
-7640,
18212,
18880,
-6584,
-22932,
-7495,
18342,
18721,
-6908,
-22937,
-7057,
18652,
18376,
-7524,
-22929,
-6318,
19125,
17826,
-8422,
-22879,
-5271,
19733,
17043,
-9587,
-22745,
-3908,
20434,
15992,
-10996,
-22475,
-2223,
21173,
14635,
-12613,
-22005,
-215,
21883,
12930,
-14387,
-21262,
2102,
22478,
10842,
-16250,
-20167,
4701,
22858,
8343,
-18110,
-18641,
7532,
22912,
5423,
-19854,
-16610,
10516,
22516,
2099,
-21346,
-14015,
13540,
21548,
-1580,
-22426,
-10823,
16455,
19891,
-5519,
-22924,
-7040,
19078,
17453,
-9573,
-22661,
-2723,
21190,
14178,
-13543,
-21473,
2004,
22551,
10070,
-17174,
-19230,
6941,
22920,
5210,
-20167,
-15861,
11810,
22076,
-223,
-22196,
-11383,
16259,
19852,
-5943,
-22938,
