22938,
13844,
7671,
3701,
1349,
160,
-222,
-68,
418,
1090,
1844,
2608,
3336,
3999,
4582,
5082,
5497,
5835,
6102,
6304,
6450,
6551,
6610,
6637,
6636,
6613,
6570,
6512,
6441,
6360,
6267,
6168,
6059,
5945,
5824,
5696,
5561,
5422,
5274,
5121,
4961,
4795,
4622,
4442,
4256,
4063,
3864,
3657,
3444,
3226,
2999,
2768,
2531,
2288,
2040,
1786,
1528,
1264,
998,
727,
454,
179,
-100,
-378,
-659,
-940,
-1219,
-1498,
-1775,
-2049,
-2320,
-2587,
-2848,
-3104,
-3353,
-3595,
-3828,
-4050,
-4265,
-4466,
-4656,
-4834,
-4997,
-5147,
-5281,
-5399,
-5500,
-5585,
-5650,
-5697,
-5725,
-5732,
-5721,
-5689,
-5636,
-5563,
-5470,
-5355,
-5219,
-5064,
-4889,
-4693,
-4479,
-4247,
-3997,
-3730,
-3450,
-3154,
-2844,
-2523,
-2191,
-1851,
-1503,
-1150,
-793,
-435,
-76,
281,
633,
980,
1319,
1648,
1964,
2267,
2554,
2824,
3073,
3302,
3508,
3690,
3847,
3977,
4079,
4153,
4199,
4215,
4201,
4159,
4087,
3986,
3858,
3704,
3523,
3318,
3091,
2842,
2576,
2292,
1994,
1685,
1368,
1044,
716,
388,
63,
-256,
-567,
-868,
-1153,
-1422,
-1674,
-1901,
-2108,
-2288,
-2442,
-2568,
-2665,
-2732,
-2769,
-2776,
-2754,
-2702,
-2623,
-2517,
-2387,
-2234,
-2059,
-1866,
-1658,
-1437,
-1208,
-970,
-730,
-490,
-253,
-21,
200,
410,
606,
784,
944,
1083,
1199,
1292,
1363,
1409,
1431,
1430,
1407,
1363,
1300,
1219,
1123,
1015,
897,
773,
644,
514,
386,
262,
145,
39,
-57,
-140,
-207,
-259,
-296,
-315,
-318,
-307,
-281,
-244,
-195,
-140,
-78,
-14,
49,
110,
164,
209,
244,
265,
269,
258,
228,
179,
114,
31,
-69,
-181,
-306,
-437,
-572,
-707,
-839,
-961,
-1069,
-1159,
-1229,
-1271,
-1283,
-1263,
-1208,
-1118,
-993,
-833,
-639,
-415,
-165,
106,
393,
687,
982,
1270,
1542,
1791,
2006,
2184,
2313,
2389,
2408,
2364,
2256,
2083,
1847,
1551,
1200,
802,
365,
-101,
-584,
-1071,
-1549,
-2003,
-2419,
-2783,
-3085,
-3309,
-3449,
-3496,
-3444,
-3291,
-3039,
-2688,
-2247,
-1725,
-1136,
-493,
186,
879,
1568,
2230,
2844,
3390,
3847,
4197,
4426,
4521,
4478,
4290,
3960,
3493,
2901,
2199,
1405,
546,
-354,
-1265,
-2158,
-3000,
-3760,
-4412,
-4929,
-5289,
-5473,
-5473,
-5280,
-4898,
-4334,
-3602,
-2725,
-1732,
-653,
472,
1605,
2703,
3723,
4628,
5378,
5941,
6292,
6411,
6288,
5921,
5318,
4497,
3485,
2316,
1034,
-312,
-1674,
-2992,
-4214,
-5288,
-6166,
-6809,
-7183,
-7266,
-7050,
-6535,
-5737,
-4684,
-3413,
-1976,
-430,
1161,
2727,
4201,
5515,
6607,
7426,
7927,
8083,
7879,
7316,
6413,
5204,
3739,
2080,
298,
-1523,
-3301,
-4949,
-6389,
-7546,
-8362,
-8790,
-8800,
-8387,
-7559,
-6352,
-4816,
-3023,
-1054,
993,
3018,
4919,
6597,
7963,
8941,
9474,
9528,
9090,
8174,
6821,
5093,
3075,
868,
-1411,
-3643,
-5707,
-7490,
-8888,
-9821,
-10228,
-10079,
-9372,
-8138,
-6437,
-4355,
-2007,
482,
2973,
5322,
7394,
9066,
10232,
10818,
10782,
10114,
8846,
7042,
4803,
2252,
-460,
-3173,
-5724,
-7954,
-9724,
-10920,
-11456,
-11294,
-10430,
-8909,
-6818,
-4278,
-1444,
1511,
4398,
7033,
9243,
10881,
11831,
12024,
11435,
10092,
8074,
5505,
2547,
-609,
-3752,
-6673,
-9172,
-11072,
-12239,
-12582,
-12065,
-10716,
-8614,
-5898,
-2747,
624,
3980,
7085,
9714,
11677,
12824,
13063,
12365,
10767,
8378,
5358,
1922,
-1683,
-5194,
-8349,
-10910,
-12679,
-13515,
-13343,
-12163,
-10053,
-7163,
-3704,
64,
3859,
7383,
10363,
12560,
13793,
13954,
13020,
11050,
8189,
4656,
725,
-3294,
-7077,
-10316,
-12741,
-14148,
-14408,
-13488,
-11453,
-8455,
-4737,
-597,
3621,
7565,
10899,
13335,
14657,
14741,
13565,
11219,
7892,
3859,
-534,
-4910,
-8886,
-12110,
-14290,
-15222,
-14812,
-13082,
-10174,
-6335,
-1903,
2729,
7143,
10935,
13755,
15334,
15514,
14267,
11691,
8015,
3570,
-1235,
-5954,
-10141,
-13396,
-15400,
-15952,
-14985,
-12576,
-8946,
-4430,
539,
5485,
9925,
13421,
15619,
16292,
15361,
12901,
9144,
4453,
-709,
-5829,
-10390,
-13926,
-16066,
-16583,
-15408,
-12648,
-8572,
-3588,
1793,
7017,
11537,
14874,
16668,
16716,
14999,
11683,
7107,
1750,
-3823,
-9013,
-13259,
-16094,
-17197,
-16437,
-13877,
-9786,
-4599,
1120,
6744,
11648,
15279,
17222,
17246,
15333,
11682,
6692,
919,
-4986,
-10349,
-14555,
-17106,
-17699,
-16249,
-12908,
-8050,
-2229,
3879,
9559,
14140,
17070,
17991,
16776,
13555,
8698,
2775,
-3509,
-9397,
-14173,
-17248,
-18234,
-16997,
-13669,
-8646,
-2535,
3916,
9909,
14695,
17664,
18435,
16893,
13216,
7851,
1470,
-5124,
-11093,
-15668,
-18253,
-18498,
-16358,
-12091,
-6237,
452,
7110,
12862,
16949,
18818,
18209,
15184,
10127,
3701,
-3246,
-9784,
-15033,
-18273,
-19055,
-17256,
-13101,
-7144,
-185,
6825,
12922,
17259,
19223,
18526,
15247,
9827,
3011,
-4254,
-10947,
-16117,
-19025,
-19242,
-16719,
-11800,
-5172,
2223,
9323,
15103,
18715,
19623,
17675,
13139,
6661,
-817,
-8201,
-14400,
-18488,
-19845,
-18250,
-13925,
-7501,
72,
7661,
14118,
18460,
20014,
18526,
14205,
7697,
-16,
-7752,
-14317,
-18689,
-20176,
-18529,
-13987,
-7241,
660,
8485,
14996,
19158,
20297,
18212,
13219,
6097,
-2023,
-9846,
-16106,
-19786,
-20274,
-17471,
-11817,
-4216,
4099,
11765,
17522,
20404,
19924,
16137,
9657,
1547,
-6846,
-14117,
-19038,
-20770,
-19000,
-14008,
-6625,
1908,
10139,
16662,
20346,
20544,
17203,
10878,
2652,
-6059,
-13741,
-19046,
-21034,
-19337,
-14235,
-6609,
2208,
10657,
17237,
20767,
20597,
16740,
9869,
1203,
-7705,
-15244,
-20041,
-21209,
-18518,
-12438,
-4065,
5077,
13309,
19110,
21393,
19717,
14373,
6339,
-2901,
-11622,
-18186,
-21347,
-20492,
-15762,
-8034,
1241,
10303,
17422,
21228,
20972,
16684,
9170,
-134,
-9436,
-16931,
-21150,
-21257,
-17207,
-9777,
-407,
9067,
16774,
21183,
21401,
17367,
9863,
370,
-9221,
-16985,
-21352,
-21425,
-17168,
-9425,
251,
9899,
17551,
21634,
21291,
16575,
8435,
-1465,
-11087,
-18432,
-21964,
-20930,
-15523,
-6857,
3269,
12731,
19531,
22223,
20218,
13917,
4643,
-5642,
-14745,
-20713,
-22249,
-19003,
-11653,
-1770,
8520,
16983,
21770,
21823,
17105,
8632,
-1756,
-11780,
-19229,
-22445,
-20697,
-14351,
-4799,
5844,
15204,
21179,
22414,
18607,
10599,
177,
-10307,
-18474,
-22457,
-21329,
-15325,
-5799,
5076,
14808,
21146,
22614,
18849,
10704,
52,
-10633,
-18858,
-22686,
-21202,
-14732,
-4777,
6325,
15954,
21819,
22512,
17846,
8912,
-2172,
-12757,
-20300,
-22972,
-20110,
-12379,
-1636,
9526,
18392,
22793,
21633,
15175,
4981,
-6458,
-16328,
-22186,
-22566,
-17352,
-7816,
3683,
14286,
21337,
23056,
18987,
10135,
-1291,
-12412,
-20411,
-23248,
-20179,
-11963,
-677,
10802,
19534,
23263,
21011,
13335,
2197,
-9531,
-18805,
-23207,
-21568,
-14294,
-3265,
8639,
18295,
23151,
21909,
14870,
3880,
-8160,
-18051,
-23148,
-22074,
-15089,
-4046,
8104,
18093,
23219,
22076,
14952,
3757,
-8479,
-18427,
-23360,
-21912,
-14453,
-3012,
9278,
19030,
23540,
21540,
13560,
1798,
-10486,
-19864,
-23705,
-20909,
-12238,
-111,
12068,
20859,
23763,
19934,
10436,
-2048,
-13970,
-21919,
-23606,
-18525,
-8111,
4656,
16101,
22908,
23092,
16574,
5226,
-7663,
-18337,
-23665,
-22066,
-13988,
-1781,
10970,
20502,
23984,
20361,
10685,
-2185,
-14425,
-22375,
-23642,
-17823,
-6640,
6558,
17799,
23681,
22403,
14329,
1888,
-11146,
-20802,
-24117,
-20054,
-9833,
3424,
15647,
23063,
23362,
16430,
4391,
-9032,
-19663,
-24176,
-21143,
-11485,
1790,
14522,
22700,
23731,
17266,
5324,
-8325,
-19349,
-24229,
-21391,
-11714,
1727,
14634,
22857,
23736,
16963,
4700,
-9102,
-19972,
-24372,
-20848,
-10524,
3254,
15986,
23495,
23301,
15442,
2483,
-11315,
-21391,
-24393,
-19304,
-7788,
6339,
18370,
24276,
22059,
12438,
-1376,
-14748,
-23162,
-23763,
-16319,
-3331,
10805,
21284,
24522,
19387,
7613,
-6788,
-18877,
-24490,
-21672,
-11370,
2877,
16148,
23832,
23242,
14558,
784,
-13283,
-22719,
-24201,
-17184,
-4111,
10428,
21305,
24659,
19279,
7050,
-7703,
-19731,
-24736,
-20906,
-9585,
5187,
18116,
24540,
22126,
11718,
-2942,
-16556,
-24178,
-23018,
-13472,
1001,
15126,
23731,
23644,
14871,
614,
-13887,
-23280,
-24074,
-15950,
-1897,
12880,
22877,
24355,
16734,
2841,
-12135,
-22573,
-24533,
-17252,
-3451,
11671,
22393,
24632,
17516,
3725,
-11504,
-22359,
-24675,
-17539,
-3666,
11635,
22473,
24658,
17318,
3269,
-12064,
-22733,
-24574,
-16844,
-2535,
12782,
23113,
24396,
16097,
1457,
-13775,
-23589,
-24089,
-15052,
-36,
15013,
24106,
23601,
13675,
-1731,
-16462,
-24607,
-22874,
-11935,
3828,
18063,
25010,
21834,
9797,
-6235,
-19749,
-25227,
-20410,
-7243,
8907,
21421,
25145,
18525,
4260,
-11781,
-22967,
-24652,
-16113,
-867,
14755,
24244,
23621,
13118,
-2889,
-17704,
-25096,
-21935,
-9526,
6919,
20456,
25344,
19487,
5346,
-11086,
-22812,
-24814,
-16211,
-658,
15195,
24538,
23335,
12076,
-4404,
-19000,
-25387,
-20776,
-7138,
9618,
22202,
25115,
17058,
1528,
-14687,
-24474,
-23513,
-12198,
4506,
19238,
25477,
20435,
6322,
-10615,
-22846,
-24907,
-15853,
298,
16331,
25058,
22540,
9880,
-7243,
-21117,
-25464,
-18292,
-2824,
13942,
24387,
23740,
12266,
-4820,
-19719,
-25602,
-19747,
-4815,
12347,
23838,
24338,
13591,
-3458,
-18921,
-25616,
-20408,
-5693,
11692,
23632,
24533,
13942,
-3199,
-18855,
-25654,
-20373,
-5474,
12027,
23853,
24384,
13341,
-4056,
-19538,
-25720,
-19628,
-4145,
13337,
24441,
23816,
11734,
-6010,
-20873,
-25668,
-18048,
-1676,
15523,
25196,
22616,
9012,
-9002,
-22634,
-25202,
-15418,
1942,
18364,
25761,
20463,
5059,
-12863,
-24432,
-23897,
-11495,
6633,
21476,
25622,
16975,
-169,
-17246,
-25687,
-21235,
-6098,
12125,
24247,
24132,
11809,
-6508,
-21540,
-25644,
-16705,
753,
17841,
25830,
20609,
4825,
-13449,
-24830,
-23445,
-9980,
8647,
22822,
25201,
14524,
-3699,
-20016,
-25933,
-18343,
-1175,
16621,
25737,
21374,
5793,
-12846,
-24742,
-23612,
-10024,
8872,
23091,
25087,
13774,
-4866,
-20934,
-25864,
-17000,
953,
18411,
26021,
19679,
2761,
-15659,
-25658,
-21827,
-6205,
12788,
24870,
23474,
9329,
-9902,
-23757,
-24668,
-12111,
7078,
22409,
25465,
14544,
-4383,
-20912,
-25928,
-16636,
1859,
19340,
26117,
18403,
457,
-17758,
-26095,
-19877,
-2550,
16219,
25916,
21082,
4403,
-14768,
-25636,
-22056,
-6016,
13438,
25297,
22824,
7390,
-12258,
-24944,
-23422,
-8530,
11248,
24605,
23873,
9442,
-10426,
-24311,
-24203,
-10135,
9799,
24080,
24427,
10611,
-9379,
-23931,
-24564,
-10879,
9167,
23869,
24615,
10937,
-9169,
-23905,
-24589,
-10791,
9381,
24030,
24478,
10434,
-9808,
-24243,
-24280,
-9866,
10438,
24528,
23975,
9077,
-11269,
-24872,
-23548,
-8064,
12287,
25246,
22974,
6813,
-13482,
-25624,
-22227,
-5324,
14830,
25966,
21274,
3589,
-16305,
-26232,
-20087,
-1610,
17870,
26369,
18628,
-610,
-19486,
-26325,
-16868,
3052,
21093,
26036,
14779,
-5696,
-22632,
-25442,
-12342,
8497,
24023,
24477,
9545,
-11407,
-25185,
-23081,
-6395,
14348,
26019,
21197,
2913,
-17235,
-26430,
-18786,
849,
19956,
26310,
15818,
-4825,
-22385,
-25568,
-12296,
8909,
24380,
24111,
8247,
-12970,
-25793,
-21879,
-3742,
16843,
26466,
18830,
-1112,
-20340,
-26263,
-14973,
6153,
23250,
25060,
10361,
-11182,
-25355,
-22774,
-5114,
15947,
26439,
19371,
-588,
-20169,
-26314,
-14896,
6487,
23543,
24834,
9466,
-12271,
-25771,
-21930,
-3302,
17566,
26577,
17615,
-3285,
-21972,
-25753,
-12030,
9888,
25083,
23175,
5437,
-16031,
-26539,
-18861,
1764,
21191,
26052,
12974,
-9060,
-24854,
-23479,
-5858,
15834,
26556,
18844,
-1976,
-21433,
-25967,
-12386,
9855,
25218,
22933,
4570,
-17013,
-26655,
-17553,
3918,
22639,
25389,
10198,
-12220,
-25995,
-21343,
-1533,
19379,
26511,
14757,
-7531,
-24456,
-23904,
-6241,
15906,
26653,
18261,
-3271,
-22460,
-25472,
-10105,
12573,
26170,
20823,
376,
-20357,
-26310,
-13128,
9624,
25372,
22607,
3320,
-18410,
-26667,
-15374,
7213,
24511,
23783,
5534,
-16808,
-26754,
-16929,
5429,
23778,
24501,
7031,
-15677,
-26731,
-17876,
4319,
23300,
24875,
7831,
-15090,
-26706,
-18273,
3902,
23153,
24969,
7951,
-15083,
-26727,
-18149,
4186,
23357,
24801,
7390,
-15657,
-26787,
-17491,
5169,
23889,
24336,
6136,
-16782,
-26826,
-16253,
6834,
24668,
23485,
4166,
-18385,
-26721,
-14360,
9144,
25562,
22119,
1462,
-20347,
-26300,
-11723,
12023,
26376,
20075,
-1971,
-22482,
-25338,
-8261,
15331,
26849,
17179,
-6070,
-24531,
-23577,
-3931,
18843,
26661,
13277,
-10685,
-26145,
-20751,
1221,
22228,
25453,
8281,
-15544,
-26899,
-16634,
7024,
25035,
22862,
2228,
-20219,
-26317,
-11101,
13125,
26709,
18595,
-4652,
-24122,
-23938,
-4218,
18960,
26641,
12514,
-11877,
-26537,
-19408,
3682,
23753,
24263,
4758,
-18686,
-26696,
-12621,
11917,
26585,
19192,
-4154,
-24057,
-23937,
-3863,
19444,
26520,
11422,
-13247,
-26827,
-17910,
6051,
24938,
22848,
1509,
-21114,
-25924,
-8830,
15742,
26996,
15370,
-9305,
-26088,
-20696,
2316,
23365,
24495,
4708,
-19114,
-26592,
-11298,
13692,
26941,
17048,
-7512,
-25618,
-21654,
995,
22795,
24898,
5454,
-18725,
-26678,
-11477,
13705,
26977,
16764,
-8068,
-25872,
-21088,
2137,
23501,
24285,
3770,
-20065,
-26280,
-9378,
15789,
27051,
14448,
-10923,
-26649,
-18796,
5713,
25167,
22286,
-401,
-22743,
-24844,
-4801,
19534,
26434,
9702,
-15721,
-27072,
-14152,
11478,
26806,
18030,
-6986,
-25716,
-21256,
2402,
23899,
23780,
2119,
-21473,
-25587,
-6458,
18552,
26686,
10506,
-15265,
-27111,
-14184,
11725,
26907,
17432,
-8044,
-26144,
-20216,
4319,
24886,
22514,
-642,
-23214,
-24328,
-2920,
21203,
25669,
6303,
-18930,
-26564,
-9465,
16465,
27042,
12367,
-13877,
-27147,
-14995,
11224,
26918,
17330,
-8559,
-26405,
-19379,
5926,
25648,
21141,
-3366,
-24697,
-22632,
903,
23590,
23865,
1434,
-22373,
-24864,
-3632,
21077,
25647,
5675,
-19741,
-26242,
-7562,
18390,
26670,
9283,
-17054,
-26958,
-10846,
15752,
27128,
12247,
-14506,
-27202,
-13497,
13329,
27201,
14597,
-12238,
-27148,
-15558,
11241,
27055,
16384,
-10348,
-26942,
-17087,
9564,
26818,
17669,
-8898,
-26700,
-18142,
8351,
26592,
18506,
-7928,
-26507,
-18770,
7628,
26447,
18935,
-7456,
-26419,
-19005,
7409,
26421,
18978,
-7493,
-26456,
-18858,
7700,
26521,
18638,
-8036,
-26614,
-18320,
8496,
26726,
17895,
-9080,
-26854,
-17363,
9781,
26983,
16712,
-10600,
-27107,
-15940,
11526,
27209,
15034,
-12555,
-27276,
-13993,
13678,
27287,
12803,
-14883,
-27227,
-11462,
16153,
27070,
9962,
-17477,
-26799,
-8300,
18829,
26385,
6473,
-20191,
-25808,
-4486,
21531,
25040,
2337,
-22823,
-24059,
-44,
24026,
22841,
-2384,
-25109,
-21368,
4924,
26024,
19618,
-7550,
-26733,
-17583,
10226,
27185,
15254,
-12911,
-27338,
-12634,
15552,
27144,
9729,
-18098,
-26561,
-6566,
20478,
25548,
3171,
-22626,
-24078,
407,
24463,
22126,
-4112,
-25915,
-19684,
7867,
26900,
16753,
-11591,
-27348,
-13360,
15179,
27186,
9544,
-18524,
-26362,
-5373,
21504,
24831,
931,
-23999,
-22577,
3666,
25885,
19602,
-8291,
-27047,
-15944,
12784,
27380,
11668,
-16980,
-26806,
-6881,
20695,
25268,
1720,
-23753,
-22753,
3635,
25972,
19286,
-8981,
-27201,
-14944,
14078,
27306,
9856,
-18684,
-26204,
-4208,
22540,
23861,
-1767,
-25407,
-20311,
7786,
27067,
15652,
-13537,
-27355,
-10069,
18682,
26160,
3815,
-22893,
-23464,
2785,
25856,
19328,
-9353,
-27316,
-13929,
15466,
27085,
7535,
-20701,
-25082,
-525,
24646,
21339,
-6653,
-26953,
-16028,
13487,
27357,
9452,
-19450,
-25729,
-2047,
24028,
22080,
-5648,
-26787,
-16605,
13015,
27397,
9661,
-19418,
-25701,
-1778,
24244,
21730,
-6393,
-26984,
-15733,
14107,
27277,
8174,
-20616,
-24980,
287,
25220,
20194,
-8850,
-27370,
-13294,
16635,
26724,
4903,
-22785,
-23228,
4135,
26552,
17137,
-12847,
-27411,
-9030,
20220,
25132,
-240,
-25330,
-19855,
9606,
27462,
12093,
-17925,
-26229,
-2720,
24097,
21645,
-7128,
-27235,
-14179,
16165,
26796,
4714,
-23135,
-22702,
5517,
26985,
15378,
-15100,
-27046,
-5759,
22616,
23162,
-4826,
-26873,
-15769,
14810,
27094,
5869,
-22628,
-23100,
5067,
26955,
15374,
-15319,
-26966,
-5048,
23165,
22502,
-6241,
-27199,
-14168,
16588,
26586,
3277,
-24149,
-21279,
8315,
27465,
12073,
-18524,
-25791,
-542,
25398,
19268,
-11216,
-27523,
-8993,
20935,
24327,
-3150,
-26634,
-16275,
14788,
27034,
4843,
-23530,
-21887,
7705,
27457,
12098,
-18753,
-25589,
377,
25866,
18148,
-12894,
-27362,
-6618,
22655,
22732,
-6518,
-27361,
-12856,
18276,
25765,
-114,
-25853,
-18063,
13176,
27305,
5935,
-23165,
-22108,
7761,
27514,
11359,
-19639,
-24972,
2363,
26611,
15994,
-15599,
-26730,
-2759,
24845,
19773,
-11330,
-27516,
-7428,
22465,
22701,
-7062,
-27494,
-11543,
19700,
24837,
-2974,
-26844,
-15056,
16754,
26276,
810,
-25743,
-17971,
13789,
27138,
4213,
-24354,
-20324,
10937,
27540,
7192,
-22820,
-22172,
8294,
27604,
9736,
-21260,
-23585,
5929,
27440,
11855,
-19775,
-24637,
3885,
27145,
13569,
-18440,
-25393,
2191,
26798,
14903,
-17313,
-25917,
862,
26469,
15887,
-16438,
-26261,
-96,
26205,
16546,
-15844,
-26463,
-683,
26043,
16896,
-15548,
-26548,
-896,
25999,
16949,
-15559,
-26527,
-736,
26081,
16705,
-15877,
-26398,
-203,
26281,
16158,
-16494,
-26142,
705,
26573,
15292,
-17390,
-25729,
1984,
26920,
14082,
-18536,
-25111,
3630,
27267,
12502,
-19888,
-24233,
5629,
27545,
10526,
-21389,
-23030,
7958,
27668,
8125,
-22959,
-21429,
10572,
27535,
5290,
-24499,
-19357,
13409,
27032,
2023,
-25886,
-16751,
16377,
26038,
-1649,
-26975,
-13559,
19350,
24430,
-5657,
-27602,
-9760,
22166,
22096,
-9897,
-27588,
-5369,
24627,
18947,
-14207,
-26755,
-458,
26510,
14935,
-18375,
-24935,
4838,
27562,
10069,
-22132,
-21997,
10306,
27532,
4442,
-25164,
-17871,
15650,
26193,
-1758,
-27130,
-12579,
20501,
23371,
-8229,
-27690,
-6258,
24427,
18988,
-14557,
