0,
-25,
-74,
-145,
-238,
-346,
-467,
-606,
-749,
-895,
-1039,
-1174,
-1301,
-1417,
-1512,
-1594,
-1648,
-1679,
-1684,
-1660,
-1610,
-1529,
-1429,
-1303,
-1143,
-966,
-777,
-562,
-325,
-77,
189,
459,
750,
1047,
1348,
1670,
1999,
2339,
2683,
3036,
3381,
3736,
4108,
4479,
4843,
5221,
5592,
5959,
6304,
6638,
6953,
7228,
7468,
7648,
7780,
7880,
7926,
7918,
7842,
7719,
7533,
7300,
6989,
6631,
6221,
5765,
5269,
4705,
4097,
3462,
2782,
2069,
1322,
544,
-260,
-1076,
-1910,
-2759,
-3618,
-4479,
-5341,
-6194,
-7032,
-7861,
-8675,
-9458,
-10224,
-10949,
-11645,
-12294,
-12898,
-13474,
-13994,
-14456,
-14859,
-15198,
-15452,
-15635,
-15762,
-15817,
-15788,
-15689,
-15498,
-15250,
-14911,
-14502,
-14018,
-13466,
-12845,
-12146,
-11393,
-10571,
-9685,
-8738,
-7751,
-6714,
-5623,
-4490,
-3343,
-2153,
-926,
300,
1532,
2775,
4011,
5245,
6480,
7689,
8889,
10039,
11185,
12275,
13332,
14338,
15282,
16170,
17006,
17770,
18459,
19071,
19605,
20060,
20425,
20707,
20905,
21014,
21033,
20960,
20782,
20511,
20156,
19696,
19154,
18524,
17794,
16990,
16115,
15150,
14123,
13007,
11845,
10605,
9321,
7974,
6593,
5191,
3734,
2260,
780,
-707,
-2215,
-3714,
-5193,
-6672,
-8127,
-9567,
-10965,
-12322,
-13620,
-14888,
-16095,
-17228,
-18297,
-19287,
-20214,
-21057,
-21814,
-22480,
-23049,
-23523,
-23900,
-24184,
-24353,
-24429,
-24373,
-24212,
-23953,
-23601,
-23139,
-22580,
-21906,
-21138,
-20278,
-19334,
-18286,
-17164,
-15965,
-14682,
-13328,
-11928,
-10469,
-8947,
-7387,
-5796,
-4152,
-2493,
-815,
860,
2526,
4191,
5840,
7453,
9043,
10615,
12142,
13618,
15037,
16389,
17679,
18913,
20068,
21142,
22123,
23012,
23801,
24496,
25088,
25568,
25940,
26212,
26365,
26406,
26315,
26112,
25798,
25379,
24851,
24215,
23480,
22640,
21682,
20640,
19502,
18283,
16988,
15597,
14137,
12616,
11045,
9421,
7764,
6067,
4344,
2608,
854,
-898,
-2673,
-4435,
-6178,
-7897,
-9584,
-11226,
-12825,
-14368,
-15850,
-17292,
-18660,
-19941,
-21148,
-22267,
-23282,
-24210,
-25036,
-25747,
-26357,
-26854,
-27238,
-27486,
-27617,
-27632,
-27524,
-27309,
-26974,
-26525,
-25964,
-25295,
-24516,
-23611,
-22609,
-21509,
-20320,
-19048,
-17688,
-16255,
-14755,
-13169,
-11524,
-9827,
-8091,
-6324,
-4524,
-2708,
-880,
949,
2777,
4593,
6393,
8157,
9893,
11590,
13234,
14820,
16350,
17806,
19186,
20485,
21702,
22823,
23849,
24774,
25595,
26309,
26909,
27395,
27772,
28024,
28162,
28175,
28079,
27859,
27521,
27047,
26461,
25755,
24944,
24029,
23004,
21882,
20669,
19364,
17983,
16512,
14977,
13377,
11723,
10017,
8269,
6487,
4679,
2853,
1008,
-840,
-2703,
-4561,
-6395,
-8198,
-9975,
-11706,
-13390,
-15013,
-16575,
-18072,
-19488,
-20822,
-22074,
-23228,
-24279,
-25236,
-26085,
-26828,
-27450,
-27959,
-28327,
-28573,
-28699,
-28709,
-28590,
-28358,
-28001,
-27521,
-26938,
-26231,
-25419,
-24498,
-23472,
-22329,
-21083,
-19753,
-18333,
-16838,
-15265,
-13643,
-11945,
-10208,
-8416,
-6598,
-4747,
-2878,
-995,
894,
2773,
4643,
6498,
8318,
10112,
11852,
13552,
15191,
16761,
18268,
19694,
21039,
22292,
23453,
24511,
25472,
26315,
27040,
27655,
28146,
28520,
28772,
28899,
28900,
28790,
28542,
28178,
27690,
27083,
26366,
25529,
24587,
23530,
22375,
21129,
19788,
18366,
16865,
15294,
13659,
11966,
10226,
8439,
6616,
4768,
2898,
1016,
-870,
-2778,
-4669,
-6547,
-8398,
-10206,
-11975,
-13695,
-15355,
-16955,
-18451,
-19878,
-21220,
-22471,
-23623,
-24680,
-25632,
-26478,
-27209,
-27828,
-28329,
-28710,
-28969,
-29105,
-29122,
-29015,
-28782,
-28430,
-27960,
-27349,
-26624,
-25783,
-24837,
-23779,
-22621,
-21364,
-20017,
-18582,
-17074,
-15486,
-13837,
-12127,
-10370,
-8558,
-6714,
-4846,
-2951,
-1047,
864,
2768,
4658,
6535,
8379,
10190,
11953,
13677,
15332,
16929,
18449,
19896,
21250,
22511,
23680,
24746,
25708,
26558,
27294,
27913,
28413,
28789,
29051,
29173,
29183,
29062,
28818,
28449,
27961,
27337,
26602,
25759,
24801,
23737,
22580,
21324,
19978,
18549,
17037,
15455,
13809,
12106,
10353,
8553,
6716,
4850,
2968,
1048,
-876,
-2800,
-4708,
-6595,
-8456,
-10258,
-12040,
-13751,
-15402,
-16986,
-18504,
-19941,
-21290,
-22553,
-23718,
-24790,
-25751,
-26605,
-27349,
-27974,
-28486,
-28872,
-29141,
-29285,
-29307,
-29204,
-28977,
-28610,
-28119,
-27513,
-26789,
-25944,
-24996,
-23934,
-22770,
-21512,
-20163,
-18725,
-17205,
-15613,
-13961,
-12242,
-10474,
-8654,
-6805,
-4918,
-3025,
-1111,
808,
2722,
4624,
6511,
8370,
10192,
11965,
13694,
15359,
16969,
18500,
19947,
21312,
22584,
23762,
24833,
25802,
26657,
27401,
28027,
28534,
28919,
29176,
29308,
29317,
29199,
28959,
28583,
28083,
27468,
26732,
25889,
24930,
23870,
22710,
21452,
20105,
18668,
17162,
15574,
13925,
12218,
10459,
8652,
6815,
4916,
3005,
1081,
-853,
-2779,
-4694,
-6590,
-8458,
-10265,
-12033,
-13748,
-15407,
-16997,
-18518,
-19962,
-21325,
-22590,
-23764,
-24841,
-25808,
-26669,
-27413,
-28045,
-28561,
-28953,
-29222,
-29374,
-29400,
-29293,
-29054,
-28691,
-28209,
-27591,
-26867,
-26026,
-25074,
-24010,
-22849,
-21595,
-20236,
-18800,
-17279,
-15685,
-14023,
-12305,
-10529,
-8709,
-6855,
-4967,
-3064,
-1150,
779,
2696,
4603,
6491,
8352,
10178,
11961,
13691,
15370,
16970,
18505,
19958,
21333,
22607,
23786,
24865,
25835,
26699,
27441,
28073,
28584,
28967,
29226,
29367,
29376,
29260,
29009,
28634,
28141,
27523,
26788,
25943,
24990,
23929,
22770,
21517,
20170,
18739,
17225,
15637,
13987,
12279,
10518,
8684,
6817,
4925,
3013,
1083,
-848,
-2780,
-4689,
-6592,
-8466,
-10274,
-12043,
-13759,
-15421,
-17014,
-18533,
-19977,
-21342,
-22611,
-23788,
-24864,
-25831,
-26694,
-27438,
-28075,
-28588,
-28985,
-29252,
-29400,
-29424,
-29325,
-29085,
-28717,
-28230,
-27620,
-26894,
-26049,
-25099,
-24038,
-22873,
-21610,
-20256,
-18816,
-17293,
-15699,
-14035,
-12317,
-10541,
-8722,
-6863,
-4977,
-3070,
-1151,
772,
2696,
4602,
6497,
8355,
10184,
11965,
13698,
15376,
16985,
18520,
19976,
21341,
22621,
23804,
24884,
25854,
26717,
27464,
28092,
28601,
28990,
29250,
29387,
29393,
29283,
29029,
28656,
28162,
27543,
26811,
25965,
25011,
23951,
22790,
21534,
20182,
18749,
17236,
15649,
13997,
12288,
10528,
8694,
6827,
4933,
3014,
1089,
-849,
-2779,
-4695,
-6596,
-8465,
-10278,
-12050,
-13767,
-15427,
-17023,
-18546,
-19992,
-21354,
-22622,
-23803,
-24877,
-25850,
-26708,
-27455,
-28088,
-28606,
-28999,
-29272,
-29421,
-29444,
-29326,
-29089,
-28725,
-28232,
-27624,
-26893,
-26051,
-25094,
-24035,
-22870,
-21608,
-20252,
-18813,
-17289,
-15696,
-14032,
-12306,
-10531,
-8710,
-6854,
-4969,
-3058,
-1138,
786,
2704,
4618,
6507,
8366,
10198,
11985,
13717,
15393,
17001,
18533,
19994,
21360,
22635,
23817,
24898,
25871,
26733,
27478,
28109,
28620,
29000,
29266,
29401,
29407,
29292,
29041,
28666,
28169,
27551,
26816,
25973,
25014,
23955,
22794,
21536,
20179,
18749,
17237,
15653,
13997,
12284,
10519,
8687,
6817,
4919,
3002,
1074,
-859,
-2794,
-4709,
-6611,
-8459,
-10270,
-12041,
-13758,
-15423,
-17019,
-18542,
-19989,
-21351,
-22625,
-23801,
-24875,
-25848,
-26712,
-27463,
-28094,
-28612,
-29008,
-29281,
-29426,
-29455,
-29336,
-29095,
-28726,
-28242,
-27637,
-26905,
-26066,
-25112,
-24048,
-22884,
-21623,
-20267,
-18827,
-17303,
-15709,
-14044,
-12321,
-10545,
-8724,
-6864,
-4976,
-3072,
-1152,
774,
2695,
4608,
6494,
8360,
10186,
11973,
13709,
15383,
16993,
18524,
19983,
21349,
22633,
23812,
24894,
25863,
26727,
27473,
28102,
28612,
29004,
29266,
29400,
29413,
29298,
29046,
28671,
28172,
27559,
26824,
25977,
25025,
23965,
22801,
21546,
20195,
18758,
17243,
