29491,
29428,
29238,
28922,
28481,
27916,
27230,
26424,
25501,
24467,
23323,
22076,
20730,
19291,
17765,
16158,
14477,
12730,
10924,
9066,
7166,
5231,
3270,
1292,
-695,
-2680,
-4656,
-6613,
-8542,
-10435,
-12281,
-14073,
-15802,
-17460,
-19039,
-20531,
-21929,
-23226,
-24416,
-25492,
-26450,
-27284,
-27989,
-28563,
-29001,
-29301,
-29462,
-29482,
-29360,
-29097,
-28693,
-28150,
-27470,
-26655,
-25710,
-24638,
-23444,
-22134,
-20713,
-19189,
-17568,
-15858,
-14068,
-12205,
-10280,
-8301,
-6278,
-4221,
-2141,
-47,
2049,
4137,
6207,
8247,
10248,
12199,
14089,
15909,
17649,
19300,
20853,
22300,
23633,
24844,
25927,
26875,
27683,
28347,
28863,
29226,
29436,
29489,
29386,
29126,
28711,
28141,
27420,
26551,
25538,
24385,
23100,
21688,
20156,
18513,
16768,
14928,
13005,
11008,
8948,
6836,
4685,
2505,
309,
-1891,
-4084,
-6255,
-8394,
-10489,
-12526,
-14495,
-16384,
-18183,
-19880,
-21466,
-22931,
-24267,
-25465,
-26518,
-27420,
-28165,
-28748,
-29165,
-29413,
-29491,
-29397,
-29131,
-28694,
-28089,
-27318,
-26385,
-25295,
-24055,
-22671,
-21151,
-19503,
-17737,
-15863,
-13892,
-11836,
-9707,
-7516,
-5278,
-3006,
-713,
1587,
3879,
6150,
8386,
10573,
12697,
14746,
16705,
18563,
20308,
21929,
23415,
24757,
25946,
26973,
27832,
28517,
29024,
29347,
29486,
29437,
29202,
28781,
28176,
27390,
26428,
25295,
23999,
22547,
20948,
19212,
17349,
15372,
13293,
11125,
8882,
6579,
4231,
1852,
-542,
-2934,
-5309,
-7652,
-9946,
-12176,
-14327,
-16384,
-18334,
-20163,
-21859,
-23409,
-24802,
-26029,
-27081,
-27951,
-28631,
-29117,
-29404,
-29491,
-29375,
-29058,
-28540,
-27825,
-26917,
-25822,
-24547,
-23100,
-21491,
-19730,
-17829,
-15802,
-13662,
-11424,
-9103,
-6716,
-4278,
-1808,
677,
3159,
5622,
8047,
10416,
12714,
14922,
17025,
19007,
20853,
22551,
24087,
25449,
26627,
27612,
28396,
28973,
29338,
29487,
29420,
29135,
28635,
27923,
27002,
25880,
24564,
23063,
21389,
19553,
17568,
15449,
13212,
10873,
8450,
5960,
3423,
858,
-1717,
-4281,
-6814,
-9298,
-11712,
-14039,
-16260,
-18357,
-20314,
-22116,
-23748,
-25196,
-26450,
-27498,
-28332,
-28945,
-29332,
-29488,
-29412,
-29103,
-28565,
-27799,
-26812,
-25612,
-24206,
-22605,
-20823,
-18872,
-16768,
-14527,
-12167,
-9707,
-7166,
-4565,
-1924,
735,
3390,
6019,
8602,
11117,
13543,
15860,
18049,
20090,
21968,
23665,
25168,
26463,
27539,
28387,
28998,
29368,
29491,
29367,
28996,
28381,
27525,
26437,
25123,
23595,
21864,
19947,
17857,
15613,
13234,
10739,
8149,
5487,
2775,
37,
-2703,
-5423,
-8098,
-10705,
-13221,
-15624,
-17892,
-20005,
-21945,
-23694,
-25236,
-26556,
-27643,
-28487,
-29078,
-29412,
-29485,
-29295,
-28843,
-28133,
-27170,
-25963,
-24521,
-22857,
-20986,
-18924,
-16688,
-14299,
-11779,
-9149,
-6433,
-3657,
-844,
1978,
4785,
7550,
10248,
12854,
15343,
17693,
19880,
21885,
23688,
25271,
26620,
27722,
28565,
29140,
29443,
29468,
29216,
28687,
27887,
26822,
25501,
23937,
22144,
20138,
17938,
15564,
13039,
10387,
7633,
4803,
1924,
-976,
-3869,
-6726,
-9521,
-12225,
-14812,
-17257,
-19535,
-21624,
-23502,
-25151,
-26554,
-27695,
-28565,
-29152,
-29451,
-29458,
-29172,
-28595,
-27733,
-26593,
-25186,
-23525,
-21627,
-19509,
-17194,
-14703,
-12061,
-9296,
-6433,
-3503,
-536,
2440,
5393,
8294,
11112,
13818,
16384,
18784,
20993,
22986,
24744,
26247,
27478,
28426,
29078,
29428,
29471,
29206,
28635,
27764,
26600,
25155,
23444,
21484,
19296,
16901,
14326,
11596,
8741,
5790,
2775,
-271,
-3318,
-6331,
-9278,
-12128,
-14850,
-17413,
-19791,
-21956,
-23884,
-25555,
-26949,
-28051,
-28848,
-29330,
-29491,
-29330,
-28846,
-28044,
-26934,
-25525,
-23833,
-21877,
-19676,
-17255,
-14641,
-11862,
-8948,
-5932,
-2847,
271,
3390,
6472,
9484,
12392,
15162,
17762,
20163,
22338,
24261,
25909,
27263,
28307,
29029,
29418,
29471,
29186,
28565,
27614,
26344,
24769,
22907,
20777,
18405,
15817,
13044,
10116,
7067,
3934,
753,
-2440,
-5607,
-8710,
-11712,
-14579,
-17276,
-19770,
-22032,
-24034,
-25752,
-27165,
-28255,
-29008,
-29415,
-29470,
-29172,
-28523,
-27531,
-26206,
-24564,
-22624,
-20409,
-17944,
-15261,
-12389,
-9365,
-6225,
-3006,
252,
3509,
6726,
9863,
12880,
15741,
18410,
20853,
23041,
24944,
26539,
27806,
28728,
29292,
29491,
29321,
28785,
27887,
26639,
25054,
23153,
20959,
18498,
15802,
12904,
9840,
6649,
3370,
47,
-3279,
-6566,
-9772,
-12854,
-15774,
-18493,
-20976,
-23191,
-25107,
-26701,
-27951,
-28839,
-29353,
-29487,
-29236,
-28605,
-27599,
-26232,
-24521,
-22487,
-20156,
-17559,
-14729,
-11702,
-8519,
-5221,
-1852,
1545,
4923,
8238,
11446,
14504,
17370,
20005,
22375,
24446,
26191,
27584,
28607,
29245,
29489,
29334,
28781,
27838,
26516,
24832,
22809,
20474,
17857,
14995,
11925,
8689,
5332,
1899,
-1563,
-5005,
-8381,
-11643,
-14746,
-17646,
-20304,
-22681,
-24744,
-26463,
-27814,
-28777,
-29338,
-29487,
-29223,
-28548,
-27470,
-26004,
-24170,
-21993,
-19503,
-16735,
-13727,
-10523,
-7166,
-3705,
-188,
3333,
6809,
10190,
13427,
16474,
19285,
21820,
24042,
25918,
27420,
28526,
29219,
29488,
29328,
28740,
27733,
26320,
24521,
22362,
19873,
17091,
14055,
10810,
7404,
3886,
309,
-3276,
-6814,
-10254,
-13543,
-16633,
-19478,
-22033,
-24261,
-26127,
-27603,
-28665,
-29298,
-29490,
-29238,
-28545,
-27420,
-25880,
-23947,
-21649,
-19021,
-16101,
-12935,
-9570,
-6056,
-2447,
1201,
4834,
8394,
11829,
15083,
18107,
20853,
23280,
25347,
27024,
28282,
29102,
29470,
29379,
28831,
27831,
26396,
24547,
22312,
19725,
16827,
13662,
10280,
6733,
3078,
-628,
-4327,
-7960,
-11468,
-14797,
-17892,
-20704,
-23187,
-25301,
-27012,
-28291,
-29117,
-29475,
-29360,
-28772,
-27720,
-26219,
-24294,
-21973,
-19296,
-16303,
-13044,
-9570,
-5938,
-2207,
1563,
5309,
8971,
12488,
15802,
18859,
21607,
24001,
26000,
27571,
28686,
29328,
29483,
29149,
28330,
27038,
25295,
23129,
20575,
17675,
14477,
11035,
7404,
3647,
-174,
-3994,
-7749,
-11376,
-14812,
-18000,
-20884,
-23415,
-25550,
-27250,
-28488,
-29239,
-29491,
-29239,
-28485,
-27242,
-25530,
-23379,
-20823,
-17906,
-14679,
-11195,
-7516,
-3705,
174,
4051,
7861,
11536,
15012,
18228,
21128,
23659,
25778,
27445,
28632,
29315,
29483,
29131,
28264,
26898,
25054,
22766,
20072,
17020,
13663,
10061,
6278,
2380,
-1563,
-5480,
-9301,
-12958,
-16384,
-19518,
-22303,
-24687,
-26627,
-28087,
-29040,
-29467,
-29360,
-28721,
-27558,
-25894,
-23756,
-21184,
-18224,
-14928,
-11357,
-7576,
-3653,
339,
4327,
8238,
12000,
15542,
18798,
21709,
24219,
26282,
27857,
28915,
29436,
29408,
28831,
27714,
26079,
23954,
21379,
18401,
15074,
11463,
7633,
3657,
-391,
-4433,
-8394,
-12199,
-15774,
-19051,
-21968,
-24468,
-26503,
-28033,
-29029,
-29469,
-29345,
-28658,
-27420,
-25655,
-23394,
-20681,
-17568,
-14113,
-10384,
-6451,
-2391,
1718,
5796,
9764,
13543,
17061,
20248,
23041,
25384,
27232,
28547,
29301,
29481,
29080,
28105,
26576,
24521,
21980,
19002,
15646,
11978,
8069,
3998,
-156,
-4308,
-8377,
-12281,
-15941,
-19285,
-22243,
-24757,
-26775,
-28255,
-29166,
-29491,
-29219,
-28358,
-26921,
-24939,
-22450,
-19503,
-16158,
-12482,
-8550,
-4442,
-240,
3969,
8099,
12066,
15787,
19186,
22193,
24744,
26787,
28278,
29186,
29491,
29186,
28275,
26778,
24723,
22153,
19120,
15687,
11925,
7911,
3730,
-532,
-4785,
-8940,
-12909,
-16609,
-19962,
-22895,
-25347,
-27265,
-28607,
-29345,
-29460,
-28950,
-27825,
-26108,
-23833,
-21050,
-17815,
-14198,
-10275,
-6130,
-1852,
2469,
6739,
10867,
14762,
18342,
21528,
24250,
26450,
28078,
29098,
29487,
29236,
28349,
26845,
24754,
22122,
19005,
15471,
11596,
7465,
3168,
-1201,
-5546,
-9772,
-13784,
-17494,
-20820,
-23688,
-26032,
-27801,
-28954,
-29465,
-29321,
-28525,
-27092,
-25054,
-22456,
-19354,
-15817,
-11925,
-7762,
-3423,
995,
5393,
9672,
13736,
17491,
20853,
23746,
26102,
27867,
29001,
29476,
29282,
28420,
26910,
24785,
22093,
18894,
15261,
11276,
7030,
2620,
-1852,
-6284,
-10573,
-14621,
-18334,
-21624,
-24416,
-26644,
-28255,
-29211,
-29488,
-29080,
-27994,
-26254,
-23901,
-20989,
-17583,
-13765,
-9621,
-5250,
-753,
3764,
8195,
12435,
16384,
19949,
23043,
25594,
27539,
28833,
29443,
29353,
28565,
27096,
24980,
22267,
19021,
15317,
11246,
6902,
2391,
-2180,
-6701,
-11064,
-15162,
-18896,
-22176,
-24922,
-27066,
-28555,
-29353,
-29439,
-28810,
-27480,
-25480,
-22857,
-19676,
-16012,
-11955,
-7604,
-3063,
1554,
6136,
10570,
14746,
18560,
21919,
24739,
26949,
28494,
29334,
29448,
28831,
27497,
25480,
22827,
19604,
15891,
11779,
7370,
2775,
-1891,
-6513,
-10974,
-15162,
-18970,
-22303,
-25075,
-27217,
-28672,
-29404,
-29392,
-28635,
-27153,
-24980,
-22172,
-18798,
-14945,
-10708,
-6196,
-1524,
3189,
7824,
12260,
16384,
20090,
23282,
25876,
27806,
29020,
29486,
29191,
28142,
26363,
23901,
20818,
17194,
13120,
8704,
4059,
-695,
-5432,
-10031,
-14369,
-18334,
-21820,
-24736,
-27004,
-28565,
-29375,
-29412,
-28674,
-27179,
-24967,
-22093,
-18633,
-14679,
-10333,
-5711,
-935,
3869,
8571,
13048,
17179,
20853,
23973,
26452,
28224,
29241,
29474,
28916,
27580,
25501,
22735,
19354,
15449,
11125,
6498,
1693,
-3161,
-7931,
-12488,
-16708,
-20476,
-23688,
-26255,
-28108,
-29194,
-29483,
-28965,
-27653,
-25583,
-22809,
-19408,
-15471,
-11106,
-6433,
-1581,
3318,
8127,
12714,
16951,
20720,
23916,
26450,
28250,
29264,
29464,
28843,
27416,
25223,
22324,
18798,
14745,
10275,
5515,
598,
-4338,
-9155,
-13716,
-17892,
-21565,
-24630,
-27001,
-28607,
-29404,
-29367,
-28496,
-26814,
-24369,
-21229,
-17482,
-13234,
-8606,
-3730,
1255,
6207,
10983,
15446,
19468,
22931,
25736,
27801,
29065,
29491,
29065,
27798,
25726,
22907,
19422,
15372,
10873,
6056,
1060,
-3969,
-8885,
-13543,
-17808,
-21554,
-24671,
-27066,
-28668,
-29428,
-29324,
-28358,
-26555,
-23969,
-20674,
-16768,
-12363,
-7591,
-2592,
2487,
7494,
12281,
16705,
20634,
23950,
26554,
28366,
29332,
29421,
28630,
26980,
24521,
21325,
17486,
13120,
8357,
3340,
-1780,
-6848,
-11712,
-16225,
-20248,
-23659,
-26355,
-28252,
-29292,
-29441,
-28694,
-27073,
-24625,
-21425,
-17568,
-13172,
-8371,
-3312,
1852,
6961,
11858,
16393,
20426,
23831,
26503,
28358,
29338,
29410,
28573,
26850,
24294,
20982,
17017,
12521,
7633,
2505,
-2703,
-7830,
-12714,
-17202,
-21155,
-24446,
-26973,
-28654,
-29436,
-29292,
-28227,
-26272,
-23488,
-19961,
-15802,
-11142,
-6127,
-915,
4327,
9435,
14246,
18605,
22375,
25434,
27683,
29051,
29491,
28988,
27558,
25245,
22122,
18287,
13864,
8993,
3830,
-1458,
-6701,
-11731,
-16384,
-20510,
-23975,
-26664,
-28491,
-29395,
-29345,
-28341,
-26416,
-23629,
-20072,
-15858,
-11125,
-6027,
-729,
4596,
9772,
14629,
19010,
22767,
25778,
27942,
29187,
29470,
28781,
27141,
24604,
21251,
17194,
12564,
7516,
2216,
-3159,
-8433,
-13427,
-17977,
-21929,
-25151,
-27534,
-28998,
-29491,
-28997,
-27531,
-25140,
-21903,
-17929,
-13350,
-8319,
-3006,
2411,
7749,
12828,
17475,
21532,
24861,
27349,
28909,
29488,
29064,
27651,
25295,
22076,
18102,
13508,
8450,
3101,
-2357,
-7737,
-12853,
-17530,
-21607,
-24942,
-27420,
-28954,
-29491,
-29009,
-27525,
-25089,
-21783,
-17722,
-13044,
-7911,
-2501,
2997,
8394,
13501,
18140,
22148,
25384,
27735,
29117,
29480,
28810,
27130,
24497,
21002,
16768,
11941,
6692,
1205,
-4327,
-9709,
-14750,
-19271,
-23112,
-26136,
-28234,
-29331,
-29386,
-28397,
-26396,
-23455,
-19676,
-15194,
-10167,
-4774,
791,
6331,
11646,
16546,
20853,
24414,
27098,
28808,
29482,
29092,
27653,
25215,
21864,
17722,
12935,
7678,
2141,
-3477,
-8971,
-14141,
-18798,
-22773,
-25920,
-28122,
-29298,
-29404,
-28434,
-26424,
-23444,
-19603,
-15041,
-9925,
-4442,
1207,
6814,
12172,
17084,
21366,
24861,
27438,
29001,
29490,
28885,
27209,
24521,
20921,
16541,
11543,
6113,
452,
-5227,
-10714,
-15802,
-20301,
-24042,
-26883,
-28716,
-29472,
-29121,
-27675,
-25186,
-21747,
-17486,
-12564,
-7166,
-1494,
4237,
9809,
15012,
19648,
23540,
26539,
28531,
29437,
29223,
27895,
25501,
22134,
17919,
13017,
7614,
1918,
-3854,
-9481,
-14746,
-19446,
-23400,
-26455,
-28491,
-29430,
-29233,
-27907,
-25501,
-22108,
-17857,
-12913,
-7465,
-1725,
4084,
9736,
15012,
19706,
23633,
26640,
28607,
29458,
29157,
27714,
25186,
21668,
17299,
12249,
6716,
915,
-4923,
-10570,
-15802,
-20413,
-24219,
-27070,
-28851,
-29490,
-28961,
-27283,
-24521,
-20784,
-16220,
-11008,
-5355,
513,
6363,
11961,
17084,
21525,
25107,
27685,
29155,
29455,
28573,
26543,
23444,
19400,
14574,
9158,
3370,
-2556,
-8381,
-13869,
-18798,
-22968,
-26209,
-28387,
-29413,
-29245,
-27887,
-25394,
-21864,
-17443,
-12307,
-6667,
-753,
5195,
10933,
16225,
20853,
24628,
27393,
29034,
29481,
28714,
26764,
23710,
19676,
14828,
9365,
3513,
-2487,
-8386,
-13940,
-18918,
-23112,
-26347,
-28488,
-29443,
-29172,
-27685,
-25041,
-21351,
-16768,
-11481,
-5711,
300,
6301,
12040,
17276,
21787,
25384,
27914,
29269,
29390,
28271,
25958,
22547,
18181,
13044,
7352,
1346,
-4719,
-10587,
-16006,
-20747,
-24607,
-27420,
-29065,
-29471,
-28619,
-26543,
-23331,
-19120,
-14088,
-8450,
-2447,
3663,
9618,
15162,
20055,
24087,
27081,
28909,
29490,
28797,
26858,
23756,
19625,
14641,
9020,
3006,
-3141,
-9155,
-14772,
-19748,
-23865,
-26944,
-28847,
-29491,
-28846,
-26940,
-23852,
-19719,
-14719,
-9072,
-3024,
3159,
9206,
14850,
19842,
23961,
27024,
28895,
29490,
28781,
26798,
23627,
19408,
14326,
8606,
2501,
-3717,
-9772,
-15394,
-20332,
-24365,
-27312,
-29041,
-29471,
-28583,
-26416,
-23063,
-18675,
-13448,
-7614,
-1436,
4809,
10840,
16384,
21193,
25047,
27771,
29241,
29390,
28209,
25749,
22122,
17489,
12061,
6083,
-174,
-6425,
-12386,
-17785,
-22375,
-25946,
-28332,
-29425,
-29172,
-27584,
-24731,
-20743,
-15802,
-10134,
-3998,
2325,
8542,
14369,
19535,
23803,
26973,
28898,
29488,
28714,
26610,
23272,
18854,
13559,
7633,
1349,
-4999,
-11117,
-16720,
-21545,
-25367,
-28006,
-29338,
-29298,
-27887,
-25170,
-21272,
-16375,
-10708,
-4536,
1852,
8155,
14076,
19337,
23688,
26922,
28887,
29488,
28694,
26543,
23133,
18626,
13234,
7211,
844,
-5565,
-11712,
-17304,
-22074,
-25793,
-28282,
-29422,
-29157,
-27497,
-24521,
-20369,
-15240,
-9378,
-3063,
3400,
9703,
15542,
20634,
24734,
27643,
29220,
29386,
28133,
25518,
21668,
16768,
11052,
4799,
-1689,
-8098,
-14115,
-19449,
-23837,
-27066,
-28976,
-29474,
-28533,
-26198,
-22580,
-17857,
-12258,
-6056,
445,
6927,
13071,
18574,
23167,
26620,
28764,
29491,
28764,
26616,
23153,
18544,
13017,
6842,
327,
-6207,
-12435,
-18049,
-22767,
-26355,
-28633,
-29486,
-28870,
-26814,
-23420,
-18854,
-13345,
-7166,
-626,
5947,
12225,
17892,
22662,
26297,
28610,
29485,
28876,
26812,
23396,
18798,
13250,
7030,
452,
-6150,
-12444,
-18110,
-22859,
-26450,
-28699,
-29491,
-28783,
-26610,
-23081,
-18375,
-12730,
-6433,
194,
6814,
13088,
18694,
23345,
26800,
28883,
29483,
28569,
26186,
22456,
17568,
11773,
5370,
-1313,
-7931,
-14141,
-19622,
-24090,
-27312,
-29121,
-29420,
-28193,
-25501,
-21484,
-16348,
-10360,
-3830,
2901,
9484,
15574,
20853,
25045,
27928,
29350,
29236,
27590,
24497,
20117,
14679,
8467,
1808,
-4948,
-11446,
-17343,
-22328,
-26136,
-28565,
-29485,
-28846,
-26680,
-23100,
-18295,
-12517,
-6074,
695,
7429,
13770,
19380,
23961,
27265,
29117,
29415,
28142,
25364,
21229,
15956,
9826,
3168,
-3663,
-10299,
-16384,
-21591,
-25638,
-28307,
-29452,
-29009,
-27002,
-23536,
-18798,
-13043,
-6579,
242,
7053,
13484,
19186,
23848,
27217,
29107,
29414,
28121,
25295,
21090,
15733,
9515,
2775,
-4118,
-10789,
-16872,
-22032,
-25987,
-28517,
-29483,
-28831,
-26593,
-22892,
-17929,
-11978,
-5364,
1548,
8377,
14746,
20301,
24736,
27803,
29332,
29235,
27517,
24271,
19676,
13986,
7516,
626,
-6301,
-12880,
-18743,
-23561,
-27066,
-29059,
-29428,
-28150,
-25295,
-21022,
-15569,
-9241,
-2391,
4596,
11326,
17421,
22538,
26386,
28748,
29489,
28565,
26027,
22016,
16759,
10551,
3743,
-3279,
-10118,
-16384,
-21722,
-25827,
-28464,
-29482,
-28820,
-26516,
-22698,
-17583,
-11463,
-4685,
2363,
9278,
15664,
21155,
25434,
28255,
29454,
28961,
26802,
23100,
18067,
11991,
5221,
-1852,
-8820,
-15281,
-20861,
-25236,
-28151,
-29436,
-29015,
-26910,
-23243,
-18224,
-12144,
-5355,
1747,
8750,
15245,
20853,
25246,
28166,
29441,
28994,
26850,
23133,
18059,
11925,
5088,
-2049,
-9069,
-15557,
-21132,
-25465,
-28299,
-29465,
-28894,
-26616,
-22766,
-17568,
-11329,
-4418,
2757,
9772,
16208,
21686,
25876,
28531,
29489,
28693,
26188,
22122,
16735,
10348,
3340,
-3869,
-10849,
-17182,
-22489,
-26450,
-28827,
-29475,
-28355,
-25530,
-21171,
-15536,
-8965,
-1852,
5376,
12281,
18448,
23502,
27138,
29135,
29369,
27825,
24595,
19873,
13944,
7166,
-49,
-7264,
-14039,
-19962,
-24671,
-27878,
-29385,
-29100,
-27038,
-23323,
-18181,
-11925,
-4936,
2357,
9508,
16078,
21663,
25920,
28584,
29491,
28583,
25915,
21649,
16046,
9451,
2271,
-5053,
-12066,
-18334,
-23470,
-27154,
-29155,
-29348,
-27720,
-24369,
-19503,
-13422,
-6504,
821,
8098,
14872,
20720,
25276,
28255,
29468,
28838,
26402,
22312,
16822,
10275,
3081,
-4308,
-11429,
-17834,
-23119,
-26949,
-29083,
-29384,
-27831,
-24521,
-19661,
-13556,
-6592,
791,
8127,
14950,
20827,
25384,
28331,
29479,
28753,
26198,
21973,
16348,
9679,
2391,
-5053,
-12176,
-18523,
-23688,
-27338,
-29240,
-29268,
-27420,
-23813,
-18675,
-12337,
-5203,
2267,
9594,
16305,
21968,
26216,
28774,
29474,
28271,
25240,
20575,
14577,
7633,
192,
-7264,
-14251,
-20314,
-25060,
-28178,
-29463,
-28831,
-26320,
-22093,
-16424,
-9680,
-2303,
5227,
12418,
18798,
23950,
27534,
29314,
29172,
27115,
23276,
17906,
11357,
4059,
-3509,
-10849,
-17475,
-22950,
-26912,
-29097,
-29360,
-27681,
-24170,
-19057,
-12679,
-5459,
2126,
9572,
16384,
22110,
26366,
28869,
29450,
28068,
24815,
19904,
13663,
6507,
-1085,
-8608,
-15557,
-21466,
-25938,
-28672,
-29483,
-28314,
-25243,
-20474,
-14326,
-7211,
391,
7969,
15012,
21044,
25658,
28538,
29491,
28448,
25480,
20784,
14679,
7576,
-43,
-7662,
-14762,
-20861,
-25543,
-28487,
-29491,
