29490,
17735,
9640,
4318,
1051,
-731,
-1474,
-1523,
-1136,
-502,
239,
996,
1705,
2330,
2849,
3250,
3535,
3710,
3781,
3759,
3658,
3484,
3249,
2963,
2633,
2270,
1877,
1460,
1030,
585,
134,
-321,
-777,
-1230,
-1677,
-2116,
-2545,
-2962,
-3364,
-3748,
-4116,
-4463,
-4787,
-5091,
-5370,
-5625,
-5855,
-6056,
-6227,
-6368,
-6479,
-6559,
-6609,
-6627,
-6613,
-6568,
-6491,
-6382,
-6242,
-6074,
-5877,
-5652,
-5399,
-5120,
-4817,
-4491,
-4142,
-3774,
-3389,
-2987,
-2571,
-2143,
-1705,
-1259,
-806,
-349,
108,
565,
1017,
1464,
1903,
2335,
2751,
3155,
3540,
3907,
4252,
4575,
4873,
5144,
5390,
5606,
5795,
5950,
6075,
6168,
6228,
6253,
6246,
6203,
6128,
6021,
5881,
5710,
5511,
5280,
5021,
4735,
4421,
4086,
3728,
3350,
2952,
2537,
2107,
1667,
1221,
765,
309,
-150,
-606,
-1059,
-1504,
-1943,
-2369,
-2783,
-3181,
-3561,
-3922,
-4258,
-4570,
-4856,
-5113,
-5344,
-5543,
-5709,
-5842,
-5942,
-6005,
-6036,
-6032,
-5995,
-5924,
-5819,
-5680,
-5506,
-5300,
-5062,
-4795,
-4499,
-4174,
-3827,
-3457,
-3068,
-2662,
-2244,
-1812,
-1370,
-920,
-467,
-10,
443,
893,
1338,
1772,
2195,
2605,
2999,
3372,
3727,
4056,
4361,
4635,
4881,
5094,
5277,
5425,
5539,
5617,
5660,
5666,
5637,
5570,
5468,
5332,
5161,
4959,
4724,
4459,
4164,
3842,
3496,
3127,
2737,
2333,
1914,
1482,
1043,
598,
149,
-300,
-748,
-1190,
-1626,
-2051,
-2462,
-2857,
-3232,
-3587,
-3917,
-4219,
-4491,
-4734,
-4942,
-5117,
-5256,
-5360,
-5427,
-5457,
-5452,
-5408,
-5329,
-5210,
-5057,
-4870,
-4650,
-4397,
-4116,
-3808,
-3472,
-3114,
-2735,
-2340,
-1928,
-1505,
-1072,
-631,
-187,
257,
697,
1130,
1554,
1966,
2363,
2742,
3101,
3437,
3748,
4032,
4284,
4505,
4692,
4843,
4959,
5037,
5079,
5084,
5050,
4980,
4873,
4729,
4549,
4336,
4089,
3814,
3510,
3181,
2830,
2456,
2064,
1659,
1241,
815,
383,
-51,
-483,
-910,
-1331,
-1741,
-2136,
-2514,
-2872,
-3207,
-3517,
-3801,
-4056,
-4277,
-4466,
-4621,
-4739,
-4820,
-4864,
-4868,
-4833,
-4762,
-4653,
-4508,
-4328,
-4115,
-3870,
-3594,
-3290,
-2960,
-2608,
-2235,
-1846,
-1443,
-1029,
-609,
-186,
237,
657,
1070,
1474,
1865,
2237,
2589,
2918,
3222,
3500,
3746,
3961,
4142,
4288,
4398,
4470,
4503,
4499,
4457,
4379,
4263,
4110,
3924,
3702,
3450,
3170,
2862,
2530,
2178,
1806,
1421,
1024,
620,
211,
-197,
-602,
-1003,
-1394,
-1772,
-2132,
-2475,
-2796,
-3091,
-3360,
-3601,
-3808,
-3982,
-4122,
-4225,
-4291,
-4317,
-4306,
-4256,
-4169,
-4041,
-3879,
-3685,
-3460,
-3204,
-2923,
-2614,
-2285,
-1933,
-1565,
-1185,
-795,
-400,
-2,
392,
782,
1163,
1529,
1881,
2216,
2527,
2813,
3071,
3300,
3497,
3660,
3788,
3879,
3931,
3948,
3929,
3873,
3781,
3653,
3490,
3294,
3067,
2809,
2525,
2218,
1891,
1548,
1189,
822,
447,
67,
-312,
-688,
-1055,
-1412,
-1753,
-2075,
-2378,
-2654,
-2905,
-3126,
-3316,
-3474,
-3599,
-3688,
-3739,
-3754,
-3732,
-3674,
-3580,
-3450,
-3286,
-3091,
-2867,
-2615,
-2340,
-2041,
-1724,
-1389,
-1042,
-686,
-326,
39,
400,
753,
1097,
1426,
1739,
2033,
2305,
2553,
2773,
2963,
3120,
3246,
3334,
3385,
3403,
3384,
3330,
3242,
3121,
2967,
2781,
2567,
2324,
2058,
1770,
1464,
1146,
817,
481,
142,
-199,
-536,
-865,
-1186,
-1491,
-1781,
-2051,
-2298,
-2519,
-2711,
-2873,
-3003,
-3101,
-3164,
-3192,
-3189,
-3151,
-3079,
-2974,
-2836,
-2667,
-2471,
-2248,
-2004,
-1736,
-1451,
-1151,
-840,
-521,
-200,
121,
440,
750,
1048,
1331,
1597,
1843,
2066,
2266,
2440,
2585,
2699,
2782,
2831,
2849,
2832,
2781,
2698,
2586,
2443,
2273,
2079,
1859,
1618,
1360,
1087,
804,
512,
216,
-81,
-377,
-666,
-946,
-1214,
-1467,
-1702,
-1917,
-2108,
-2273,
-2411,
-2521,
-2597,
-2643,
-2657,
-2640,
-2589,
-2512,
-2404,
-2270,
-2111,
-1926,
-1718,
-1491,
-1246,
-990,
-726,
-456,
-180,
94,
366,
630,
884,
1127,
1354,
1563,
1750,
1913,
2050,
2158,
2238,
2289,
2311,
2305,
2269,
2207,
2117,
2002,
1861,
1697,
1513,
1310,
1090,
857,
616,
368,
118,
-132,
-382,
-623,
-858,
-1080,
-1287,
-1476,
-1646,
-1791,
-1913,
-2009,
-2079,
-2122,
-2138,
-2126,
-2088,
-2024,
-1933,
-1819,
-1682,
-1525,
-1348,
-1157,
-953,
-739,
-517,
-291,
-64,
162,
382,
594,
796,
985,
1159,
1314,
1449,
1561,
1654,
1722,
1768,
1788,
1785,
1756,
1703,
1626,
1525,
1405,
1265,
1109,
940,
758,
566,
369,
171,
-26,
-222,
-413,
-597,
-771,
-935,
-1084,
-1217,
-1333,
-1430,
-1505,
-1559,
-1590,
-1600,
-1589,
-1557,
-1505,
-1435,
-1344,
-1235,
-1107,
-968,
-817,
-657,
-491,
-319,
-147,
24,
193,
356,
514,
661,
796,
917,
1022,
1110,
1181,
1233,
1264,
1279,
1271,
1246,
1201,
1138,
1061,
969,
863,
746,
619,
484,
344,
200,
53,
-92,
-234,
-370,
-500,
-620,
-729,
-826,
-908,
-976,
-1027,
-1063,
-1083,
-1088,
-1078,
-1053,
-1014,
-961,
-893,
-814,
-726,
-627,
-522,
-408,
-294,
-179,
-66,
48,
156,
263,
361,
453,
535,
605,
663,
707,
739,
758,
766,
759,
741,
709,
667,
614,
553,
484,
409,
328,
245,
159,
73,
-12,
-96,
-176,
-252,
-323,
-388,
-444,
-492,
-531,
-559,
-577,
-586,
-586,
-579,
-563,
-539,
-507,
-467,
-422,
-371,
-319,
-264,
-207,
-149,
-92,
-37,
14,
62,
106,
146,
182,
211,
234,
251,
260,
263,
262,
255,
242,
225,
205,
178,
150,
122,
93,
64,
35,
9,
-16,
-37,
-57,
-74,
-88,
-99,
-108,
-113,
-117,
-117,
-115,
-109,
-102,
-92,
-80,
-71,
-59,
-48,
-39,
-27,
-19,
-14,
-12,
-12,
-13,
-17,
-27,
-38,
-55,
-71,
-91,
-111,
-134,
-158,
-179,
-198,
-214,
-229,
-240,
-249,
-253,
-252,
-246,
-235,
-217,
-196,
-170,
-139,
-101,
-60,
-14,
32,
78,
125,
172,
219,
262,
303,
337,
368,
393,
410,
420,
420,
412,
393,
363,
323,
276,
221,
160,
92,
20,
-58,
-136,
-217,
-297,
-375,
-448,
-515,
-575,
-626,
-667,
-698,
-718,
-727,
-721,
-703,
-672,
-628,
-570,
-501,
-421,
-328,
-227,
-118,
-6,
108,
221,
330,
436,
534,
624,
704,
772,
828,
865,
887,
889,
873,
838,
784,
714,
627,
525,
410,
284,
149,
6,
-140,
-286,
-430,
-571,
-703,
-825,
-936,
-1028,
-1104,
-1158,
-1190,
-1199,
-1185,
-1148,
-1087,
-1006,
-902,
-781,
-644,
-492,
-330,
-157,
21,
199,
376,
550,
711,
864,
1000,
1117,
1212,
1284,
1329,
1349,
1339,
1301,
1235,
1143,
1022,
878,
713,
527,
328,
119,
-98,
-317,
-532,
-739,
-935,
-1113,
-1274,
-1409,
-1520,
-1601,
-1651,
-1669,
-1651,
-1601,
-1515,
-1397,
-1249,
-1073,
-873,
-654,
-419,
-172,
79,
330,
576,
811,
1034,
1237,
1415,
1565,
1683,
1764,
1808,
1813,
1777,
1702,
1590,
1442,
1261,
1047,
806,
546,
271,
-14,
-301,
-587,
-865,
-1128,
-1370,
-1588,
-1774,
-1924,
-2033,
-2100,
-2122,
-2099,
-2031,
-1917,
-1762,
-1566,
-1334,
-1071,
-781,
-471,
-150,
180,
505,
822,
1121,
1398,
1645,
1858,
2031,
2161,
2244,
2277,
2257,
2186,
2064,
1893,
1676,
1420,
1129,
809,
467,
110,
-254,
-617,
-970,
-1307,
-1616,
-1893,
-2129,
-2320,
-2460,
-2546,
-2576,
-2548,
-2461,
-2318,
-2120,
-1872,
-1580,
-1251,
-892,
-508,
-111,
291,
689,
1072,
1434,
1765,
2058,
2307,
2503,
2640,
2717,
2726,
2672,
2554,
2373,
2137,
1847,
1510,
1136,
731,
303,
-135,
-576,
-1008,
-1420,
-1804,
-2149,
-2447,
-2688,
-2868,
-2982,
-3029,
-3003,
-2907,
-2740,
-2507,
-2213,
-1864,
-1469,
-1036,
-575,
-97,
386,
862,
1319,
1745,
2129,
2466,
2745,
2958,
3100,
3167,
3156,
3068,
2903,
2664,
2358,
1992,
1573,
1110,
617,
104,
-418,
-934,
-1430,
-1893,
-2313,
-2681,
-2984,
-3219,
-3374,
-3449,
-3440,
-3346,
-3168,
-2911,
-2582,
-2188,
-1736,
-1236,
-703,
-149,
410,
961,
1491,
1986,
2434,
2821,
3139,
3378,
3534,
3599,
3573,
3453,
3244,
2947,
2576,
2134,
1635,
1092,
516,
-79,
-675,
-1258,
-1814,
-2329,
-2786,
-3177,
-3489,
-3713,
-3842,
-3875,
-3806,
-3640,
-3381,
-3030,
-2601,
-2101,
-1544,
-943,
-314,
327,
960,
1572,
2145,
2663,
3114,
3483,
3763,
3942,
4016,
3984,
3846,
3603,
3263,
2832,
2325,
1751,
1127,
468,
-208,
-884,
-1541,
-2161,
-2728,
-3227,
-3643,
-3965,
-4184,
-4294,
-4290,
-4172,
-3943,
-3607,
-3173,
-2651,
-2055,
-1399,
-703,
17,
738,
1443,
2108,
2719,
3256,
3705,
4054,
4292,
4413,
4413,
4291,
4049,
3695,
3234,
2682,
2051,
1359,
625,
-130,
-886,
-1623,
-2319,
-2957,
-3516,
-3984,
-4342,
-4582,
-4697,
-4684,
-4541,
-4270,
-3878,
-3377,
-2778,
-2099,
-1359,
-576,
224,
1022,
1792,
2513,
3167,
3734,
4197,
4542,
4760,
4842,
4787,
4593,
4265,
3813,
3247,
2584,
1844,
1045,
214,
-629,
-1460,
-2253,
-2988,
-3640,
-4190,
-4624,
-4926,
-5087,
-5104,
-4973,
-4699,
-4287,
-3752,
-3107,
-2369,
-1560,
-703,
179,
1060,
1915,
2716,
3439,
4063,
4569,
4942,
5170,
5246,
5166,
4932,
4550,
4031,
3390,
2643,
1814,
926,
8,
-916,
-1817,
-2670,
-3446,
-4127,
-4687,
-5111,
-5386,
-5502,
-5455,
-5244,
-4877,
-4360,
-3710,
-2947,
-2091,
-1171,
-213,
755,
1702,
2601,
3425,
4147,
4747,
5202,
5501,
5631,
5589,
5374,
4995,
4458,
3782,
2986,
2097,
1136,
135,
-874,
-1861,
-2798,
-3651,
-4397,
-5011,
-5474,
-5771,
-5891,
-5833,
-5595,
-5183,
-4609,
-3889,
-3044,
-2104,
-1094,
-48,
1003,
2026,
2991,
3861,
4616,
5225,
5671,
5941,
6023,
5915,
5618,
5140,
4496,
3707,
2793,
1789,
722,
-376,
-1464,
-2512,
-3486,
-4353,
-5084,
-5656,
-6053,
-6257,
-6264,
-6070,
-5684,
-5113,
-4379,
-3500,
-2506,
-1429,
-302,
836,
1950,
3004,
3963,
4797,
5478,
5981,
6293,
6400,
6297,
5988,
5481,
4791,
3940,
2959,
1872,
720,
-462,
-1633,
-2756,
-3794,
-4714,
-5482,
-6076,
-6470,
-6656,
-6620,
-6366,
-5901,
-5243,
-4409,
-3429,
-2332,
-1155,
65,
1285,
2468,
3570,
4554,
5390,
6046,
6500,
6736,
6746,
6529,
6090,
5443,
4609,
3614,
2494,
1283,
24,
-1244,
-2475,
-3628,
-4661,
-5543,
-6240,
-6730,
-6993,
-7019,
-6807,
-6365,
-5706,
-4852,
-3828,
-2672,
-1419,
-115,
1197,
2469,
3661,
4728,
5633,
6346,
6841,
7101,
7114,
6880,
6403,
5703,
4801,
3731,
2525,
1227,
-120,
-1470,
-2775,
-3989,
-5069,
-5976,
-6679,
-7150,
-7375,
-7342,
-7053,
-6516,
-5752,
-4782,
-3641,
-2368,
-1008,
392,
1781,
3111,
4331,
5402,
6280,
6939,
7351,
7503,
7388,
7004,
6370,
5504,
4439,
3209,
1862,
443,
-998,
-2408,
-3740,
-4942,
-5972,
-6794,
-7372,
-7688,
-7727,
-7488,
-6979,
-6218,
-5232,
-4052,
-2724,
-1292,
190,
1668,
3089,
4400,
5554,
6509,
7227,
7681,
7852,
7735,
7331,
6658,
5736,
4601,
3292,
1856,
345,
-1185,
-2676,
-4077,
-5331,
-6395,
-7224,
-7790,
-8071,
-8054,
-7740,
-7138,
-6268,
-5164,
-3864,
-2417,
-878,
699,
2250,
3720,
5054,
6201,
7116,
7767,
8125,
8177,
7922,
7366,
6527,
5439,
4141,
2682,
1115,
-500,
-2105,
-3635,
-5034,
-6247,
-7225,
-7934,
-8342,
-8435,
-8206,
-7664,
-6830,
-5732,
-4413,
-2922,
-1317,
343,
1991,
3564,
5005,
6254,
7265,
7996,
8420,
8518,
8284,
7728,
6871,
5743,
4390,
2859,
1211,
-492,
-2180,
-3791,
-5261,
-6530,
-7551,
-8279,
-8688,
-8757,
-8489,
-7886,
-6974,
-5784,
-4365,
-2771,
-1066,
684,
2412,
4046,
5523,
6785,
7778,
8465,
8820,
8823,
8473,
7783,
6778,
5500,
3997,
2330,
565,
-1229,
-2983,
-4624,
-6087,
-7311,
-8246,
-8853,
-9107,
-8998,
-8525,
-7710,
-6586,
-5195,
-3592,
-1842,
-13,
1818,
3576,
5194,
6605,
7752,
8583,
9067,
9180,
8917,
8289,
7318,
6045,
4518,
2803,
965,
-917,
-2771,
-4517,
-6082,
-7402,
-8422,
-9100,
-9408,
-9331,
-8871,
-8046,
-6889,
-5443,
-3768,
-1934,
-17,
1903,
3748,
5438,
6906,
8088,
8934,
9409,
9493,
9178,
8477,
7419,
6047,
4415,
2593,
657,
-1314,
-3237,
-5032,
-6620,
-7935,
-8919,
-9532,
-9745,
-9547,
-8947,
-7969,
-6652,
-5053,
-3237,
-1279,
736,
2723,
4596,
6277,
7692,
8782,
9499,
9810,
9702,
9175,
8252,
6971,
5385,
3564,
1581,
-475,
-2517,
-4459,
-6215,
-7708,
-8873,
-9660,
-10035,
-9977,
-9489,
-8593,
-7320,
-5730,
-3887,
-1873,
226,
2318,
4312,
6119,
7666,
8877,
9702,
10103,
10059,
9573,
8666,
7376,
5756,
3877,
1823,
-320,
-2454,
-4488,
-6330,
-7899,
-9122,
-9946,
-10333,
-10264,
-9743,
-8789,
-7445,
-5768,
-3832,
-1721,
466,
2638,
4696,
6547,
8108,
9309,
10095,
10431,
10299,
9703,
8669,
7241,
5485,
3475,
1300,
-941,
-3145,
-5216,
-7057,
-8583,
-9728,
-10436,
-10676,
-10433,
-9718,
-8562,
-7018,
-5153,
-3052,
-807,
1477,
3697,
5750,
7544,
8996,
10037,
10619,
10715,
10318,
9445,
8134,
6443,
4451,
2246,
-67,
-2385,
-4598,
-6604,
-8310,
-9637,
-10524,
-10927,
-10830,
-10231,
-9160,
-7661,
-5804,
-3674,
-1370,
1000,
3329,
5506,
7429,
9008,
10166,
10851,
11025,
10682,
9834,
8522,
6806,
4764,
2491,
94,
-2313,
-4620,
-6714,
-8499,
-9886,
-10810,
-11228,
-11114,
-10475,
-9339,
-7760,
-5809,
-3579,
-1174,
1288,
3690,
5922,
7874,
9450,
10577,
11199,
11287,
10833,
9857,
8407,
6546,
4366,
1969,
-529,
-3009,
-5351,
-7442,
-9179,
-10477,
-11274,
-11528,
-11227,
-10385,
-9039,
-7255,
-5117,
-2728,
-201,
2339,
4769,
6971,
8836,
10271,
11207,
11595,
11414,
10673,
9404,
7670,
5555,
3162,
609,
-1982,
-4482,
-6769,
-8729,
-10263,
-11297,
-11778,
-11680,
-11008,
-9792,
-8092,
-5989,
-3586,
-1002,
1635,
4196,
6551,
8584,
10193,
11292,
11831,
11778,
11132,
9929,
8224,
6101,
3668,
1045,
-1638,
-4245,
-6646,
-8719,
-10358,
-11481,
-12028,
-11971,
-11311,
-10081,
-8342,
-6177,
-3697,
-1027,
1698,
4341,
6769,
8853,
10491,
11597,
12113,
12013,
11298,
10006,
8198,
5966,
3422,
696,
-2074,
-4746,
-7181,
-9253,
-10856,
-11905,
-12345,
-12155,
-11342,
-9946,
-8036,
-5708,
-3083,
-297,
2509,
5187,
7601,
9622,
11149,
12098,
12419,
12093,
11136,
9595,
7551,
5108,
2390,
-459,
-3290,
-5956,
-8317,
-10250,
-11652,
-12449,
-12596,
-12083,
-10935,
-9213,
-7005,
-4426,
-1611,
1294,
4133,
6757,
9028,
10824,
12049,
12635,
12552,
11799,
10417,
8479,
6086,
3362,
452,
-2490,
-5306,
-7846,
-9973,
-11574,
-12562,
-12882,
-12516,
-11481,
-9831,
-7655,
-5064,
-2200,
787,
3734,
6484,
8889,
10818,
12164,
12856,
12852,
12153,
10794,
8848,
6418,
3635,
647,
-2384,
-5292,
-7920,
-10123,
-11783,
-12806,
-13136,
-12752,
-11674,
-9957,
-7695,
-5010,
-2048,
1028,
4049,
6852,
9283,
11205,
12513,
13133,
13030,
12208,
10712,
8616,
6041,
3123,
28,
-3078,
-6021,
-8640,
-10787,
-12342,
-13215,
-13358,
-12761,
-11458,
-9518,
-7046,
-4180,
-1078,
2087,
5139,
7906,
10236,
11995,
13083,
13439,
13040,
11906,
10101,
7723,
4904,
1805,
-1403,
-4541,
-7433,
-9913,
-11839,
-13101,
-13629,
-13389,
-12393,
-10696,
-8391,
-5608,
-2504,
745,
3956,
6943,
9539,
11593,
12986,
13640,
13514,
12614,
10991,
8735,
5975,
2864,
-416,
-3681,
-6742,
-9424,
-11571,
-13059,
-13802,
-13753,
-12914,
-11330,
-9093,
-6331,
-3201,
117,
3431,
6552,
9294,
11501,
13043,
13829,
13809,
12986,
11404,
9154,
6365,
3199,
-161,
-3518,
-6679,
-9456,
-11686,
-13239,
-14024,
-13991,
-13140,
-11519,
-9220,
-6379,
-3161,
246,
3642,
6827,
9613,
11836,
13361,
14096,
13996,
13068,
11361,
8980,
6059,
2773,
-687,
-4115,
-7306,
-10069,
-12240,
-13685,
-14321,
-14106,
-13053,
-11222,
-8720,
-5694,
-2326,
1184,
4625,
7794,
10496,
12573,
13894,
14382,
14005,
12781,
10785,
8131,
4983,
1527,
-2030,
-5475,
-8596,
-11205,
-13140,
-14284,
-14567,
-13970,
-12527,
-10322,
-7490,
-4200,
-651,
2941,
6356,
9388,
11848,
13587,
14497,
14518,
13652,
11946,
9504,
6476,
3043,
-586,
-4187,
-7539,
-10434,
-12694,
-14179,
-14793,
-14501,
-13315,
-11307,
-8600,
-5358,
-1782,
1908,
5481,
8718,
11417,
13410,
14571,
14828,
14163,
12613,
10272,
7288,
3844,
153,
-3555,
-7048,
-10106,
-12537,
-14192,
-14962,
-14797,
-13709,
-11760,
-9072,
-5810,
-2181,
1589,
5262,
8607,
11411,
13498,
14734,
15040,
14393,
12832,
10453,
7409,
3887,
111,
-3682,
-7248,
-10364,
-12825,
-14479,
-15215,
-14989,
-13810,
-11751,
-8941,
-5558,
-1819,
2042,
5775,
9141,
11926,
13944,
15069,
15226,
14404,
12652,
10084,
6863,
3193,
-690,
-4537,
-8098,
-11145,
-13478,
-14947,
-15454,
-14964,
-13507,
-11173,
-8114,
-4525,
-640,
3289,
7007,
10271,
12870,
14633,
15442,
15244,
14048,
11930,
9029,
5532,
1666,
-2316,
-6154,
-9597,
-12418,
-14430,
-15501,
-15559,
-14599,
-12678,
-9921,
-6509,
-2665,
1359,
5295,
8884,
11887,
14106,
15391,
15658,
14886,
13124,
10489,
7150,
3328,
-722,
-4734,
-8438,
-11588,
-13973,
-15433,
-15869,
-15249,
-13613,
-11065,
-7775,
-3962,
118,
4195,
7991,
11255,
13764,
15351,
15904,
15385,
13829,
11338,
8080,
4267,
161,
-3966,
-7833,
-11178,
-13774,
-15443,
-16072,
-15615,
-14100,
-11631,
-8371,
-4540,
